2415026 63 1 13
2415040 1112 2 13
2415055 771 3 14
2415070 541 4 14
2415085 441 5 15
2415100 519 6 15
2415115 772 7 16
2415130 1227 8 16
2415146 415 9 17
2415161 1216 10 17
2415177 698 11 18
2415193 279 12 18
2415208 1330 13 19
2415224 936 14 19
2415240 470 15 20
2415255 1339 16 20
2415271 616 17 21
2415286 1160 18 21
2415302 73 19 22
2415317 235 20 22
2415332 219 21 23
2415347 47 22 23
2415361 1195 23 24
2415376 821 0 24
2415391 413 1 25
2415406 16 2 25
2415420 1119 3 26
2415435 884 4 26
2415450 790 5 27
2415465 863 6 27
2415480 1124 7 28
2415496 133 8 28
2415511 770 9 29
2415527 124 10 29
2415542 1056 11 30
2415558 627 12 30
2415574 247 13 31
2415589 1283 14 31
2415605 826 15 32
2415621 247 16 32
2415636 970 17 33
2415652 68 18 33
2415667 426 19 34
2415682 586 20 34
2415697 574 21 35
2415712 401 22 35
2415727 112 23 36
2415741 1176 0 36
2415756 771 1 37
2415771 371 2 37
2415786 38 3 38
2415800 1239 4 38
2415815 1147 5 39
2415830 1216 6 39
2415846 37 7 40
2415861 484 8 40
2415876 1118 9 41
2415892 473 10 41
2415907 1399 11 42
2415923 975 12 42
2415939 586 13 43
2415955 189 14 43
2415970 1162 15 44
2415986 593 16 44
2416001 1306 17 45
2416017 415 18 45
2416032 765 19 46
2416047 935 20 46
2416062 917 21 47
2416077 755 22 47
2416092 461 23 48
2416107 95 0 48
2416121 1123 1 49
2416136 733 2 49
2416151 391 3 50
2416166 160 4 50
2416181 58 5 51
2416196 134 6 51
2416211 385 7 52
2416226 838 8 52
2416242 25 9 53
2416257 825 10 53
2416273 307 11 54
2416288 1324 12 54
2416304 936 13 55
2416320 538 14 55
2416336 75 15 56
2416351 941 16 56
2416367 222 17 57
2416382 763 18 57
2416397 1121 19 58
2416412 1283 20 58
2416427 1273 21 59
2416442 1101 22 59
2416457 815 23 0
2416472 440 0 0
2416487 37 1 1
2416501 1077 2 1
2416516 744 3 2
2416531 504 4 2
2416546 411 5 3
2416561 478 6 3
2416576 738 7 4
2416591 1182 8 4
2416607 378 9 5
2416622 1168 10 5
2416638 660 11 6
2416654 231 12 6
2416669 1291 13 7
2416685 889 14 7
2416701 431 15 8
2416716 1296 16 8
2416732 577 17 9
2416747 1120 18 9
2416763 35 19 10
2416778 199 20 10
2416793 184 21 11
2416808 15 22 11
2416822 1165 23 12
2416837 793 0 12
2416852 387 1 13
2416866 1431 2 13
2416881 1095 3 14
2416896 860 4 14
2416911 765 5 15
2416926 837 6 15
2416941 1094 7 16
2416957 103 8 16
2416972 734 9 17
2416988 91 10 17
2417003 1013 11 18
2417019 591 12 18
2417035 199 13 19
2417050 1245 14 19
2417066 776 15 20
2417082 208 16 20
2417097 921 17 21
2417113 29 18 21
2417128 379 19 22
2417143 547 20 22
2417158 529 21 23
2417173 364 22 23
2417188 70 23 24
2417202 1143 0 24
2417217 733 1 25
2417232 343 2 25
2417247 3 3 26
2417261 1214 4 26
2417276 1116 5 27
2417291 1192 6 27
2417307 7 7 28
2417322 459 8 28
2417337 1088 9 29
2417353 444 10 29
2417368 1368 11 30
2417384 941 12 30
2417400 555 13 31
2417416 152 14 31
2417431 1131 15 32
2417447 553 16 32
2417462 1276 17 33
2417478 374 18 33
2417493 734 19 34
2417508 894 20 34
2417523 886 21 35
2417538 713 22 35
2417553 429 23 36
2417568 53 0 36
2417582 1091 1 37
2417597 690 2 37
2417612 358 3 38
2417627 118 4 38
2417642 27 5 39
2417657 92 6 39
2417672 354 7 40
2417687 797 8 40
2417702 1433 9 41
2417718 783 10 41
2417734 272 11 42
2417749 1282 12 42
2417765 899 13 43
2417781 497 14 43
2417797 35 15 44
2417812 903 16 44
2417828 182 17 45
2417843 728 18 45
2417858 1082 19 46
2417873 1251 20 46
2417888 1236 21 47
2417903 1072 22 47
2417918 779 23 48
2417933 411 0 48
2417948 1 1 49
2417962 1048 2 49
2417977 707 3 50
2417992 473 4 50
2418007 373 5 51
2418022 447 6 51
2418037 699 7 52
2418052 1151 8 52
2418068 338 9 53
2418083 1138 10 53
2418099 619 11 54
2418115 199 12 54
2418130 1248 13 55
2418146 854 14 55
2418162 386 15 56
2418177 1256 16 56
2418193 532 17 57
2418208 1078 18 57
2418223 1430 19 58
2418239 156 20 58
2418254 142 21 59
2418268 1414 22 59
2418283 1123 23 0
2418298 753 0 0
2418313 345 1 1
2418327 1390 2 1
2418342 1052 3 2
2418357 818 4 2
2418372 720 5 3
2418387 792 6 3
2418402 1049 7 4
2418418 57 8 4
2418433 690 9 5
2418449 44 10 5
2418464 973 11 6
2418480 545 12 6
2418496 163 13 7
2418511 1200 14 7
2418527 742 15 8
2418543 163 16 8
2418558 886 17 9
2418573 1424 18 9
2418589 343 19 10
2418604 502 20 10
2418619 493 21 11
2418634 320 22 11
2418649 34 23 12
2418663 1099 0 12
2418678 697 1 13
2418693 298 2 13
2418707 1407 3 14
2418722 1168 4 14
2418737 1076 5 15
2418752 1142 6 15
2418767 1402 7 16
2418783 405 8 16
2418798 1039 9 17
2418814 390 10 17
2418829 1316 11 18
2418845 888 12 18
2418861 501 13 19
2418877 102 14 19
2418892 1077 15 20
2418908 507 16 20
2418923 1222 17 21
2418939 330 18 21
2418954 681 19 22
2418969 851 20 22
2418984 833 21 23
2418999 670 22 23
2419014 376 23 24
2419029 11 0 24
2419043 1040 1 25
2419058 651 2 25
2419073 310 3 26
2419088 80 4 26
2419102 1418 5 27
2419118 54 6 27
2419133 304 7 28
2419148 755 8 28
2419163 1380 9 29
2419179 738 10 29
2419195 217 11 30
2419210 1235 12 30
2419226 844 13 31
2419242 448 14 31
2419257 1424 15 32
2419273 852 16 32
2419289 133 17 33
2419304 677 18 33
2419319 1034 19 34
2419334 1198 20 34
2419349 1186 21 35
2419364 1015 22 35
2419379 727 23 36
2419394 353 0 36
2419408 1387 1 37
2419423 989 2 37
2419438 653 3 38
2419453 415 4 38
2419468 320 5 39
2419483 389 6 39
2419498 648 7 40
2419513 1092 8 40
2419529 287 9 41
2419544 1077 10 41
2419560 567 11 42
2419576 136 12 42
2419591 1196 13 43
2419607 793 14 43
2419623 337 15 44
2419638 1201 16 44
2419654 485 17 45
2419669 1027 18 45
2419684 1386 19 46
2419700 109 20 46
2419715 98 21 47
2419729 1368 22 47
2419744 1078 23 48
2419759 704 0 48
2419774 297 1 49
2419788 1339 2 49
2419803 1002 3 50
2419818 764 4 50
2419833 668 5 51
2419848 737 6 51
2419863 995 7 52
2419879 2 8 52
2419894 634 9 53
2419909 1429 10 53
2419925 913 11 54
2419941 489 12 54
2419957 98 13 55
2419972 1143 14 55
2419988 675 15 56
2420004 108 16 56
2420019 822 17 57
2420034 1372 18 57
2420050 283 19 58
2420065 454 20 58
2420080 437 21 59
2420095 275 22 59
2420109 1421 23 0
2420124 1054 0 0
2420139 642 1 1
2420154 251 2 1
2420168 1349 3 2
2420183 1117 4 2
2420198 1015 5 3
2420213 1090 6 3
2420228 1341 7 4
2420244 353 8 4
2420259 980 9 5
2420275 337 10 5
2420290 1259 11 6
2420306 835 12 6
2420322 447 13 7
2420338 46 14 7
2420353 1025 15 8
2420369 449 16 8
2420384 1172 17 9
2420400 273 18 9
2420415 634 19 10
2420430 797 20 10
2420445 791 21 11
2420460 620 22 11
2420475 337 23 12
2420489 1402 0 12
2420504 1000 1 13
2420519 599 2 13
2420534 265 3 14
2420549 23 4 14
2420563 1368 5 15
2420578 1431 6 15
2420594 249 7 16
2420609 688 8 16
2420624 1322 9 17
2420640 670 10 17
2420656 160 11 18
2420671 1169 12 18
2420687 787 13 19
2420703 386 14 19
2420718 1367 15 20
2420734 794 16 20
2420750 77 17 21
2420765 623 18 21
2420780 980 19 22
2420795 1149 20 22
2420810 1137 21 23
2420825 973 22 23
2420840 683 23 24
2420855 315 0 24
2420869 1347 1 25
2420884 953 2 25
2420899 613 3 26
2420914 377 4 26
2420929 277 5 27
2420944 346 6 27
2420959 597 7 28
2420974 1044 8 28
2420990 229 9 29
2421005 1025 10 29
2421021 505 11 30
2421037 84 12 30
2421052 1133 13 31
2421068 741 14 31
2421084 274 15 32
2421099 1148 16 32
2421115 424 17 33
2421130 974 18 33
2421145 1327 19 34
2421161 57 20 34
2421176 42 21 35
2421190 1317 22 35
2421205 1026 23 36
2421220 658 0 36
2421235 249 1 37
2421249 1297 2 37
2421264 957 3 38
2421279 724 4 38
2421294 624 5 39
2421309 697 6 39
2421324 949 7 40
2421339 1397 8 40
2421355 585 9 41
2421370 1378 10 41
2421386 863 11 42
2421402 434 12 42
2421418 50 13 43
2421433 1087 14 43
2421449 630 15 44
2421465 53 16 44
2421480 779 17 45
2421495 1320 18 45
2421511 242 19 46
2421526 403 20 46
2421541 396 21 47
2421556 224 22 47
2421570 1381 23 48
2421585 1005 0 48
2421600 604 1 49
2421615 204 2 49
2421629 1313 3 50
2421644 1072 4 50
2421659 980 5 51
2421674 1045 6 51
2421689 1305 7 52
2421705 305 8 52
2421720 938 9 53
2421736 285 10 53
2421751 1210 11 54
2421767 779 12 54
2421783 392 13 55
2421798 1431 14 55
2421814 967 15 56
2421830 397 16 56
2421845 1115 17 57
2421861 225 18 57
2421876 580 19 58
2421891 752 20 58
2421906 738 21 59
2421921 578 22 59
2421936 286 23 0
2421950 1361 0 0
2421965 951 1 1
2421980 560 2 1
2421995 219 3 2
2422009 1427 4 2
2422024 1325 5 3
2422039 1399 6 3
2422055 208 7 4
2422070 658 8 4
2422085 1281 9 5
2422101 639 10 5
2422117 116 11 6
2422132 1133 12 6
2422148 740 13 7
2422164 344 14 7
2422179 1318 15 8
2422195 748 16 8
2422211 27 17 9
2422226 575 18 9
2422241 933 19 10
2422256 1101 20 10
2422271 1091 21 11
2422286 925 22 11
2422301 637 23 12
2422316 267 0 12
2422330 1300 1 13
2422345 904 2 13
2422360 566 3 14
2422375 328 4 14
2422390 231 5 15
2422405 299 6 15
2422420 554 7 16
2422435 999 8 16
2422451 191 9 17
2422466 981 10 17
2422482 470 11 18
2422498 39 12 18
2422513 1098 13 19
2422529 694 14 19
2422545 238 15 20
2422560 1101 16 20
2422576 386 17 21
2422591 928 18 21
2422606 1289 19 22
2422622 12 20 22
2422637 4 21 23
2422651 1275 22 23
2422666 990 23 24
2422681 616 0 24
2422696 213 1 25
2422710 1254 2 25
2422725 920 3 26
2422740 679 4 26
2422755 585 5 27
2422770 650 6 27
2422785 908 7 28
2422800 1352 8 28
2422816 544 9 29
2422831 1336 10 29
2422847 821 11 30
2422863 395 12 30
2422879 6 13 31
2422894 1050 14 31
2422910 583 15 32
2422926 15 16 32
2422941 729 17 33
2422956 1279 18 33
2422972 190 19 34
2422987 362 20 34
2423002 345 21 35
2423017 184 22 35
2423031 1331 23 36
2423046 967 0 36
2423061 556 1 37
2423076 167 2 37
2423090 1266 3 38
2423105 1036 4 38
2423120 933 5 39
2423135 1008 6 39
2423150 1258 7 40
2423166 268 8 40
2423181 892 9 41
2423197 250 10 41
2423212 1170 11 42
2423228 746 12 42
2423244 357 13 43
2423259 1399 14 43
2423275 937 15 44
2423291 364 16 44
2423306 1086 17 45
2423322 189 18 45
2423337 549 19 46
2423352 712 20 46
2423367 705 21 47
2423382 535 22 47
2423397 250 23 48
2423411 1316 0 48
2423426 914 1 49
2423441 514 2 49
2423456 180 3 50
2423470 1379 4 50
2423485 1284 5 51
2423500 1348 6 51
2423516 165 7 52
2423531 605 8 52
2423546 1238 9 53
2423562 585 10 53
2423578 74 11 54
2423593 1082 12 54
2423609 702 13 55
2423625 300 14 55
2423640 1284 15 56
2423656 711 16 56
2423671 1437 17 57
2423687 543 18 57
2423702 903 19 58
2423717 1070 20 58
2423732 1060 21 59
2423747 893 22 59
2423762 604 23 0
2423777 233 0 0
2423791 1265 1 1
2423806 868 2 1
2423821 529 3 2
2423836 291 4 2
2423851 192 5 3
2423866 260 6 3
2423881 513 7 4
2423896 958 8 4
2423912 145 9 5
2423927 940 10 5
2423943 421 11 6
2423958 1439 12 6
2423974 1049 13 7
2423990 657 14 7
2424006 192 15 8
2424021 1067 16 8
2424037 345 17 9
2424052 898 18 9
2424067 1252 19 10
2424082 1424 20 10
2424097 1409 21 11
2424112 1246 22 11
2424127 953 23 12
2424142 585 0 12
2424157 173 1 13
2424171 1220 2 13
2424186 876 3 14
2424201 643 4 14
2424216 539 5 15
2424231 612 6 15
2424246 862 7 16
2424261 1311 8 16
2424277 497 9 17
2424292 1292 10 17
2424308 776 11 18
2424324 349 12 18
2424339 1404 13 19
2424355 1004 14 19
2424371 547 15 20
2424386 1413 16 20
2424402 700 17 21
2424417 1243 18 21
2424433 167 19 22
2424448 331 20 22
2424463 326 21 23
2424478 155 22 23
2424492 1312 23 24
2424507 936 0 24
2424522 534 1 25
2424537 132 2 25
2424551 1238 3 26
2424566 994 4 26
2424581 899 5 27
2424596 961 6 27
2424611 1218 7 28
2424627 216 8 28
2424642 848 9 29
2424658 194 10 29
2424673 1121 11 30
2424689 689 12 30
2424705 305 13 31
2424720 1344 14 31
2424736 884 15 32
2424752 313 16 32
2424767 1035 17 33
2424783 146 18 33
2424798 504 19 34
2424813 678 20 34
2424828 667 21 35
2424843 507 22 35
2424858 218 23 36
2424872 1293 0 36
2424887 884 1 37
2424902 491 2 37
2424917 150 3 38
2424931 1354 4 38
2424946 1250 5 39
2424961 1319 6 39
2424977 126 7 40
2424992 571 8 40
2425007 1193 9 41
2425023 547 10 41
2425039 24 11 42
2425054 1042 12 42
2425070 649 13 43
2425086 256 14 43
2425101 1231 15 44
2425117 665 16 44
2425132 1385 17 45
2425148 496 18 45
2425163 855 19 46
2425178 1026 20 46
2425193 1016 21 47
2425208 853 22 47
2425223 566 23 48
2425238 198 0 48
2425252 1231 1 49
2425267 836 2 49
2425282 496 3 50
2425297 259 4 50
2425312 157 5 51
2425327 224 6 51
2425342 474 7 52
2425357 916 8 52
2425373 103 9 53
2425388 892 10 53
2425404 377 11 54
2425419 1386 12 54
2425435 1004 13 55
2425451 602 14 55
2425467 147 15 56
2425482 1013 16 56
2425498 301 17 57
2425513 845 18 57
2425528 1209 19 58
2425543 1374 20 58
2425558 1369 21 59
2425573 1200 22 59
2425588 917 23 0
2425603 543 0 0
2425618 142 1 1
2425632 1182 2 1
2425647 848 3 2
2425662 606 4 2
2425677 511 5 3
2425692 574 6 3
2425707 831 7 4
2425722 1270 8 4
2425738 460 9 5
2425753 1247 10 5
2425769 730 11 6
2425785 300 12 6
2425800 1351 13 7
2425816 953 14 7
2425832 488 15 8
2425847 1361 16 8
2425863 639 17 9
2425878 1192 18 9
2425894 107 19 10
2425909 281 20 10
2425924 267 21 11
2425939 108 22 11
2425953 1256 23 12
2425968 892 0 12
2425983 482 1 13
2425998 92 2 13
2426012 1191 3 14
2426027 959 4 14
2426042 856 5 15
2426057 929 6 15
2426072 1177 7 16
2426088 185 8 16
2426103 806 9 17
2426119 161 10 17
2426134 1078 11 18
2426150 652 12 18
2426166 259 13 19
2426181 1301 14 19
2426197 836 15 20
2426213 266 16 20
2426228 988 17 21
2426244 95 18 21
2426259 457 19 22
2426274 625 20 22
2426289 620 21 23
2426304 454 22 23
2426319 170 23 24
2426333 1239 0 24
2426348 835 1 25
2426363 437 2 25
2426378 100 3 26
2426392 1300 4 26
2426407 1202 5 27
2426422 1266 6 27
2426438 80 7 28
2426453 519 8 28
2426468 1149 9 29
2426484 495 10 29
2426499 1421 11 30
2426515 988 12 30
2426531 605 13 31
2426547 201 14 31
2426562 1184 15 32
2426578 610 16 32
2426593 1337 17 33
2426609 443 18 33
2426624 806 19 34
2426639 975 20 34
2426654 969 21 35
2426669 804 22 35
2426684 520 23 36
2426699 149 0 36
2426713 1185 1 37
2426728 786 2 37
2426743 449 3 38
2426758 208 4 38
2426773 109 5 39
2426788 173 6 39
2426803 426 7 40
2426818 868 8 40
2426834 55 9 41
2426849 846 10 41
2426865 327 11 42
2426880 1342 12 42
2426896 952 13 43
2426912 557 14 43
2426928 91 15 44
2426943 966 16 44
2426959 242 17 45
2426974 795 18 45
2426989 1149 19 46
2427004 1323 20 46
2427019 1309 21 47
2427034 1150 22 47
2427049 858 23 48
2427064 494 0 48
2427079 83 1 49
2427093 1132 2 49
2427108 789 3 50
2427123 556 4 50
2427138 451 5 51
2427153 523 6 51
2427168 770 7 52
2427183 1218 8 52
2427199 401 9 53
2427214 1196 10 53
2427230 677 11 54
2427246 251 12 54
2427261 1304 13 55
2427277 905 14 55
2427293 445 15 56
2427308 1312 16 56
2427324 597 17 57
2427339 1141 18 57
2427355 63 19 58
2427370 228 20 58
2427385 222 21 59
2427400 53 22 59
2427414 1211 23 0
2427429 837 0 0
2427444 436 1 1
2427459 36 2 1
2427473 1143 3 2
2427488 901 4 2
2427503 806 5 3
2427518 867 6 3
2427533 1123 7 4
2427549 120 8 4
2427564 750 9 5
2427580 94 10 5
2427595 1021 11 6
2427611 587 12 6
2427627 204 13 7
2427642 1242 14 7
2427658 783 15 8
2427674 212 16 8
2427689 936 17 9
2427705 45 18 9
2427720 404 19 10
2427735 576 20 10
2427750 566 21 11
2427765 404 22 11
2427780 116 23 12
2427794 1189 0 12
2427809 782 1 13
2427824 388 2 13
2427839 48 3 14
2427853 1251 4 14
2427868 1150 5 15
2427883 1217 6 15
2427899 26 7 16
2427914 470 8 16
2427929 1092 9 17
2427945 444 10 17
2427960 1361 11 18
2427976 937 12 18
2427992 545 13 19
2428008 152 14 19
2428023 1127 15 20
2428039 563 16 20
2428054 1284 17 21
2428070 398 18 21
2428085 755 19 22
2428100 929 20 22
2428115 917 21 23
2428130 755 22 23
2428145 464 23 24
2428160 97 0 24
2428174 1126 1 25
2428189 732 2 25
2428204 389 3 26
2428219 153 4 26
2428234 49 5 27
2428249 117 6 27
2428264 366 7 28
2428279 811 8 28
2428294 1436 9 29
2428310 787 10 29
2428326 270 11 30
2428341 1281 12 30
2428357 898 13 31
2428373 497 14 31
2428389 43 15 32
2428404 910 16 32
2428420 200 17 33
2428435 745 18 33
2428450 1112 19 34
2428465 1278 20 34
2428480 1274 21 35
2428495 1105 22 35
2428510 822 23 36
2428525 446 0 36
2428540 43 1 37
2428554 1080 2 37
2428569 745 3 38
2428584 500 4 38
2428599 404 5 39
2428614 465 6 39
2428629 721 7 40
2428644 1159 8 40
2428660 350 9 41
2428675 1137 10 41
2428691 622 11 42
2428707 191 12 42
2428722 1245 13 43
2428738 846 14 43
2428754 385 15 44
2428769 1257 16 44
2428785 539 17 45
2428800 1092 18 45
2428816 10 19 46
2428831 186 20 46
2428846 175 21 47
2428861 16 22 47
2428875 1166 23 48
2428890 801 0 48
2428905 391 1 49
2428919 1438 2 49
2428934 1094 3 50
2428949 859 4 50
2428964 753 5 51
2428979 823 6 51
2428994 1068 7 52
2429010 74 8 52
2429025 695 9 53
2429041 50 10 53
2429056 966 11 54
2429072 543 12 54
2429088 151 13 55
2429103 1197 14 55
2429119 732 15 56
2429135 165 16 56
2429150 888 17 57
2429165 1439 18 57
2429181 361 19 58
2429196 533 20 58
2429211 528 21 59
2429226 366 22 59
2429241 81 23 0
2429255 1153 0 0
2429270 747 1 1
2429285 350 2 1
2429300 10 3 2
2429314 1209 4 2
2429329 1106 5 3
2429344 1168 6 3
2429359 1417 7 4
2429375 415 8 4
2429390 1041 9 5
2429406 386 10 5
2429421 1311 11 6
2429437 879 12 6
2429453 498 13 7
2429469 96 14 7
2429484 1083 15 8
2429500 511 16 8
2429515 1242 17 9
2429531 349 18 9
2429546 716 19 10
2429561 885 20 10
2429576 883 21 11
2429591 718 22 11
2429606 437 23 12
2429621 65 0 12
2429635 1103 1 13
2429650 704 2 13
2429665 367 3 14
2429680 123 4 14
2429695 23 5 15
2429710 83 6 15
2429725 334 7 16
2429740 770 8 16
2429755 1396 9 17
2429771 743 10 17
2429787 224 11 18
2429802 1236 12 18
2429818 848 13 19
2429834 454 14 19
2429849 1431 15 20
2429865 868 16 20
2429881 149 17 21
2429896 705 18 21
2429911 1062 19 22
2429926 1239 20 22
2429941 1226 21 23
2429956 1068 22 23
2429971 777 23 24
2429986 414 0 24
2430001 3 1 25
2430015 1053 2 25
2430030 709 3 26
2430045 476 4 26
2430060 370 5 27
2430075 440 6 27
2430090 684 7 28
2430105 1130 8 28
2430121 309 9 29
2430136 1102 10 29
2430152 579 11 30
2430168 153 12 30
2430183 1203 13 31
2430199 806 14 31
2430215 345 15 32
2430230 1216 16 32
2430246 503 17 33
2430261 1052 18 33
2430276 1418 19 34
2430292 147 20 34
2430307 144 21 35
2430321 1417 22 35
2430336 1135 23 36
2430351 764 0 36
2430366 362 1 37
2430380 1403 2 37
2430395 1068 3 38
2430410 826 4 38
2430425 729 5 39
2430440 790 6 39
2430455 1043 7 40
2430471 39 8 40
2430486 666 9 41
2430502 8 10 41
2430517 932 11 42
2430533 496 12 42
2430549 111 13 43
2430564 1147 14 43
2430580 690 15 44
2430596 118 16 44
2430611 846 17 45
2430626 1396 18 45
2430642 321 19 46
2430657 495 20 46
2430672 491 21 47
2430687 330 22 47
2430702 46 23 48
2430716 1119 0 48
2430731 714 1 49
2430746 318 2 49
2430760 1420 3 50
2430775 1180 4 50
2430790 1078 5 51
2430805 1142 6 51
2430820 1391 7 52
2430836 391 8 52
2430851 1013 9 53
2430867 362 10 53
2430882 1278 11 54
2430898 852 12 54
2430914 458 13 55
2430930 64 14 55
2430945 1038 15 56
2430961 474 16 56
2430976 1195 17 57
2430992 311 18 57
2431007 670 19 58
2431022 848 20 58
2431037 838 21 59
2431052 681 22 59
2431067 392 23 0
2431082 29 0 0
2431096 1059 1 1
2431111 667 2 1
2431126 322 3 2
2431141 87 4 2
2431155 1420 5 3
2431171 48 6 3
2431186 293 7 4
2431201 737 8 4
2431216 1359 9 5
2431232 710 10 5
2431248 190 11 6
2431263 1202 12 6
2431279 816 13 7
2431295 415 14 7
2431310 1398 15 8
2431326 826 16 8
2431342 115 17 9
2431357 661 18 9
2431372 1028 19 10
2431387 1195 20 10
2431402 1194 21 11
2431417 1027 22 11
2431432 747 23 12
2431447 374 0 12
2431461 1414 1 13
2431476 1013 2 13
2431491 679 3 14
2431506 434 4 14
2431521 338 5 15
2431536 397 6 15
2431551 651 7 16
2431566 1086 8 16
2431582 276 9 17
2431597 1060 10 17
2431613 545 11 18
2431629 112 12 18
2431644 1166 13 19
2431660 765 14 19
2431676 305 15 20
2431691 1175 16 20
2431707 458 17 21
2431722 1009 18 21
2431737 1369 19 22
2431753 103 20 22
2431768 94 21 23
2431782 1375 22 23
2431797 1087 23 24
2431812 723 0 24
2431827 316 1 25
2431841 1364 2 25
2431856 1023 3 26
2431871 788 4 26
2431886 684 5 27
2431901 752 6 27
2431916 998 7 28
2431932 2 8 28
2431947 621 9 29
2431962 1413 10 29
2431978 888 11 30
2431994 464 12 30
2432010 70 13 31
2432025 1117 14 31
2432041 651 15 32
2432057 86 16 32
2432072 807 17 33
2432087 1360 18 33
2432103 280 19 34
2432118 454 20 34
2432133 447 21 35
2432148 286 22 35
2432163 0 23 36
2432177 1073 0 36
2432192 666 1 37
2432207 271 2 37
2432221 1370 3 38
2432236 1131 4 38
2432251 1027 5 39
2432266 1092 6 39
2432281 1340 7 40
2432297 339 8 40
2432312 962 9 41
2432328 309 10 41
2432343 1231 11 42
2432359 798 12 42
2432375 415 13 43
2432391 14 14 43
2432406 1000 15 44
2432422 428 16 44
2432437 1161 17 45
2432453 268 18 45
2432468 637 19 46
2432483 805 20 46
2432498 804 21 47
2432513 637 22 47
2432528 356 23 48
2432542 1422 0 48
2432557 1020 1 49
2432572 618 2 49
2432587 282 3 50
2432602 36 4 50
2432616 1377 5 51
2432631 1436 6 51
2432647 249 7 52
2432662 684 8 52
2432677 1312 9 53
2432693 657 10 53
2432709 140 11 54
2432724 1150 12 54
2432740 763 13 55
2432756 367 14 55
2432771 1346 15 56
2432787 782 16 56
2432803 64 17 57
2432818 621 18 57
2432833 980 19 58
2432848 1157 20 58
2432863 1146 21 59
2432878 988 22 59
2432893 697 23 0
2432908 333 0 0
2432922 1361 1 1
2432937 968 2 1
2432952 622 3 2
2432967 387 4 2
2432982 279 5 3
2432997 347 6 3
2433012 591 7 4
2433027 1037 8 4
2433043 216 9 5
2433058 1010 10 5
2433074 486 11 6
2433090 62 12 6
2433105 1111 13 7
2433121 716 14 7
2433137 254 15 8
2433152 1128 16 8
2433168 414 17 9
2433183 965 18 9
2433198 1331 19 10
2433214 62 20 10
2433229 59 21 11
2433243 1336 22 11
2433258 1053 23 12
2433273 682 0 12
2433288 278 1 13
2433302 1319 2 13
2433317 980 3 14
2433332 737 4 14
2433347 635 5 15
2433362 695 6 15
2433377 944 7 16
2433392 1379 8 16
2433408 564 9 17
2433423 1347 10 17
2433439 830 11 18
2433455 396 12 18
2433471 13 13 19
2433486 1049 14 19
2433502 595 15 20
2433518 23 16 20
2433533 753 17 21
2433548 1303 18 21
2433564 231 19 22
2433579 404 20 22
2433594 403 21 23
2433609 242 22 23
2433623 1401 23 24
2433638 1033 0 24
2433653 630 1 25
2433668 232 2 25
2433682 1333 3 26
2433697 1089 4 26
2433712 986 5 27
2433727 1045 6 27
2433742 1292 7 28
2433758 288 8 28
2433773 909 9 29
2433789 255 10 29
2433804 1172 11 30
2433820 744 12 30
2433836 353 13 31
2433851 1400 14 31
2433867 937 15 32
2433883 376 16 32
2433898 1098 17 33
2433914 216 18 33
2433929 576 19 34
2433944 755 20 34
2433959 746 21 35
2433974 591 22 35
2433989 302 23 36
2434003 1380 0 36
2434018 969 1 37
2434033 578 2 37
2434048 232 3 38
2434062 1436 4 38
2434077 1327 5 39
2434092 1393 6 39
2434108 195 7 40
2434123 636 8 40
2434138 1254 9 41
2434154 603 10 41
2434170 80 11 42
2434185 1092 12 42
2434201 704 13 43
2434217 307 14 43
2434232 1290 15 44
2434248 722 16 44
2434264 13 17 45
2434279 563 18 45
2434294 932 19 46
2434309 1102 20 46
2434324 1101 21 47
2434339 935 22 47
2434354 655 23 48
2434369 283 0 48
2434383 1322 1 49
2434398 921 2 49
2434413 585 3 50
2434428 341 4 50
2434443 242 5 51
2434458 300 6 51
2434473 552 7 52
2434488 985 8 52
2434504 172 9 53
2434519 952 10 53
2434535 436 11 54
2434550 1439 12 54
2434566 1054 13 55
2434582 652 14 55
2434598 194 15 56
2434613 1065 16 56
2434629 352 17 57
2434644 905 18 57
2434659 1270 19 58
2434675 6 20 58
2434690 0 21 59
2434704 1282 22 59
2434719 996 23 0
2434734 631 0 0
2434749 225 1 1
2434763 1271 2 1
2434778 930 3 2
2434793 692 4 2
2434808 588 5 3
2434823 653 6 3
2434838 899 7 4
2434853 1339 8 4
2434869 518 9 5
2434884 1307 10 5
2434900 780 11 6
2434916 354 12 6
2434931 1399 13 7
2434947 1004 14 7
2434963 539 15 8
2434978 1415 16 8
2434994 697 17 9
2435009 1255 18 9
2435025 177 19 10
2435040 356 20 10
2435055 350 21 11
2435070 194 22 11
2435084 1348 23 12
2435099 984 0 12
2435114 575 1 13
2435129 181 2 13
2435143 1277 3 14
2435158 1038 4 14
2435173 930 5 15
2435188 995 6 15
2435203 1238 7 16
2435219 237 8 16
2435234 857 9 17
2435250 204 10 17
2435265 1123 11 18
2435281 691 12 18
2435297 305 13 19
2435312 1344 14 19
2435328 890 15 20
2435344 318 16 20
2435359 1051 17 21
2435375 160 18 21
2435390 532 19 22
2435405 703 20 22
2435420 705 21 23
2435435 540 22 23
2435450 262 23 24
2435464 1330 0 24
2435479 930 1 25
2435494 528 2 25
2435509 191 3 26
2435523 1384 4 26
2435538 1284 5 27
2435553 1340 6 27
2435569 151 7 28
2435584 583 8 28
2435599 1209 9 29
2435615 552 10 29
2435631 35 11 30
2435646 1043 12 30
2435662 658 13 31
2435678 259 14 31
2435693 1240 15 32
2435709 674 16 32
2435724 1398 17 33
2435740 515 18 33
2435755 875 19 34
2435770 1054 20 34
2435785 1045 21 35
2435800 889 22 35
2435815 602 23 36
2435830 239 0 36
2435844 1270 1 37
2435859 878 2 37
2435874 534 3 38
2435889 297 4 38
2435904 190 5 39
2435919 256 6 39
2435934 498 7 40
2435949 941 8 40
2435965 118 9 41
2435980 910 10 41
2435996 384 11 42
2436011 1400 12 42
2436027 1008 13 43
2436043 614 14 43
2436059 152 15 44
2436074 1027 16 44
2436090 312 17 45
2436105 866 18 45
2436120 1229 19 46
2436135 1404 20 46
2436150 1400 21 47
2436165 1239 22 47
2436180 955 23 48
2436195 588 0 48
2436210 184 1 49
2436224 1228 2 49
2436239 889 3 50
2436254 648 4 50
2436269 544 5 51
2436284 605 6 51
2436299 852 7 52
2436314 1286 8 52
2436330 469 9 53
2436345 1251 10 53
2436361 732 11 54
2436377 296 12 54
2436392 1353 13 55
2436408 950 14 55
2436424 497 15 56
2436439 1365 16 56
2436455 658 17 57
2436470 1208 18 57
2436486 139 19 58
2436501 311 20 58
2436516 311 21 59
2436531 149 22 59
2436545 1309 23 0
2436560 939 0 0
2436575 538 1 1
2436590 138 2 1
2436604 1242 3 2
2436619 997 4 2
2436634 896 5 3
2436649 954 6 3
2436664 1203 7 4
2436680 196 8 4
2436695 818 9 5
2436711 162 10 5
2436726 1080 11 6
2436742 649 12 6
2436758 259 13 7
2436773 1305 14 7
2436789 844 15 8
2436805 283 16 8
2436820 1007 17 9
2436836 128 18 9
2436851 489 19 10
2436866 670 20 10
2436881 662 21 11
2436896 506 22 11
2436911 217 23 12
2436925 1294 0 12
2436940 882 1 13
2436955 490 2 13
2436970 143 3 14
2436984 1346 4 14
2436999 1236 5 15
2437014 1302 6 15
2437030 103 7 16
2437045 545 8 16
2437060 1162 9 17
2437076 513 10 17
2437091 1428 11 18
2437107 1002 12 18
2437123 612 13 19
2437139 217 14 19
2437154 1199 15 20
2437170 634 16 20
2437185 1365 17 21
2437201 478 18 21
2437216 848 19 22
2437231 1021 20 22
2437246 1022 21 23
2437261 858 22 23
2437276 577 23 24
2437291 205 0 24
2437305 1242 1 25
2437320 841 2 25
2437335 502 3 26
2437350 256 4 26
2437365 154 5 27
2437380 212 6 27
2437395 462 7 28
2437410 895 8 28
2437426 81 9 29
2437441 862 10 29
2437457 346 11 30
2437472 1350 12 30
2437488 966 13 31
2437504 563 14 31
2437520 108 15 32
2437535 978 16 32
2437551 269 17 33
2437566 822 18 33
2437581 1190 19 34
2437596 1367 20 34
2437611 1366 21 35
2437626 1207 22 35
2437641 925 23 36
2437656 559 0 36
2437671 154 1 37
2437685 1197 2 37
2437700 857 3 38
2437715 614 4 38
2437730 509 5 39
2437745 569 6 39
2437760 814 7 40
2437775 1250 8 40
2437791 429 9 41
2437806 1216 10 41
2437822 691 11 42
2437838 264 12 42
2437853 1311 13 43
2437869 917 14 43
2437885 453 15 44
2437900 1332 16 44
2437916 615 17 45
2437931 1175 18 45
2437947 97 19 46
2437962 279 20 46
2437977 274 21 47
2437992 121 22 47
2438006 1276 23 48
2438021 915 0 48
2438036 506 1 49
2438051 113 2 49
2438065 1207 3 50
2438080 968 4 50
2438095 857 5 51
2438110 919 6 51
2438125 1158 7 52
2438141 156 8 52
2438156 771 9 53
2438172 118 10 53
2438187 1034 11 54
2438203 604 12 54
2438219 217 13 55
2438234 1259 14 55
2438250 805 15 56
2438266 237 16 56
2438281 971 17 57
2438297 83 18 57
2438312 456 19 58
2438327 628 20 58
2438342 632 21 59
2438357 469 22 59
2438372 192 23 0
2438386 1261 0 0
2438401 862 1 1
2438416 461 2 1
2438431 124 3 2
2438445 1317 4 2
2438460 1216 5 3
2438475 1269 6 3
2438491 78 7 4
2438506 507 8 4
2438521 1131 9 5
2438537 469 10 5
2438552 1391 11 6
2438568 956 12 6
2438584 572 13 7
2438600 172 14 7
2438615 1156 15 8
2438631 591 16 8
2438646 1319 17 9
2438662 436 18 9
2438677 801 19 10
2438692 980 20 10
2438707 975 21 11
2438722 818 22 11
2438737 533 23 12
2438752 169 0 12
2438766 1201 1 13
2438781 808 2 13
2438796 466 3 14
2438811 227 4 14
2438826 120 5 15
2438841 184 6 15
2438856 426 7 16
2438871 866 8 16
2438887 41 9 17
2438902 830 10 17
2438918 302 11 18
2438933 1315 12 18
2438949 921 13 19
2438965 528 14 19
2438981 64 15 20
2438996 942 16 20
2439012 227 17 21
2439027 785 18 21
2439042 1151 19 22
2439057 1329 20 22
2439072 1326 21 23
2439087 1169 22 23
2439102 885 23 24
2439117 520 0 24
2439132 114 1 25
2439146 1159 2 25
2439161 817 3 26
2439176 577 4 26
2439191 471 5 27
2439206 532 6 27
2439221 776 7 28
2439236 1211 8 28
2439252 390 9 29
2439267 1172 10 29
2439283 649 11 30
2439299 213 12 30
2439314 1266 13 31
2439330 863 14 31
2439346 408 15 32
2439361 1277 16 32
2439377 572 17 33
2439392 1123 18 33
2439408 56 19 34
2439423 230 20 34
2439438 235 21 35
2439453 74 22 35
2439467 1237 23 36
2439482 868 0 36
2439497 468 1 37
2439512 67 2 37
2439526 1170 3 38
2439541 923 4 38
2439556 821 5 39
2439571 876 6 39
2439586 1124 7 40
2439602 115 8 40
2439617 737 9 41
2439633 77 10 41
2439648 996 11 42
2439664 562 12 42
2439680 173 13 43
2439695 1215 14 43
2439711 754 15 44
2439727 192 16 44
2439742 917 17 45
2439758 38 18 45
2439773 401 19 46
2439788 583 20 46
2439803 577 21 47
2439818 424 22 47
2439833 137 23 48
2439847 1216 0 48
2439862 806 1 49
2439877 414 2 49
2439892 67 3 50
2439906 1269 4 50
2439921 1157 5 51
2439936 1221 6 51
2439952 20 7 52
2439967 461 8 52
2439982 1075 9 53
2439998 425 10 53
2440013 1339 11 54
2440029 913 12 54
2440045 521 13 55
2440061 127 14 55
2440076 1107 15 56
2440092 542 16 56
2440107 1271 17 57
2440123 386 18 57
2440138 754 19 58
2440153 929 20 58
2440168 929 21 59
2440183 768 22 59
2440198 488 23 0
2440213 119 0 0
2440227 1156 1 1
2440242 758 2 1
2440257 418 3 2
2440272 174 4 2
2440287 70 5 3
2440302 128 6 3
2440317 374 7 4
2440332 806 8 4
2440347 1429 9 5
2440363 769 10 5
2440379 251 11 6
2440394 1255 12 6
2440410 871 13 7
2440426 468 14 7
2440442 14 15 8
2440457 883 16 8
2440473 175 17 9
2440488 726 18 9
2440503 1096 19 10
2440518 1271 20 10
2440533 1271 21 11
2440548 1111 22 11
2440563 831 23 12
2440578 463 0 12
2440593 61 1 13
2440607 1103 2 13
2440622 765 3 14
2440637 521 4 14
2440652 418 5 15
2440667 476 6 15
2440682 721 7 16
2440697 1154 8 16
2440713 333 9 17
2440728 1117 10 17
2440744 592 11 18
2440760 162 12 18
2440775 1210 13 19
2440791 816 14 19
2440807 354 15 20
2440822 1233 16 20
2440838 517 17 21
2440853 1078 18 21
2440869 1 19 22
2440884 184 20 22
2440899 177 21 23
2440914 24 22 23
2440928 1177 23 24
2440943 815 0 24
2440958 405 1 25
2440973 12 2 25
2440987 1105 3 26
2441002 866 4 26
2441017 754 5 27
2441032 818 6 27
2441047 1055 7 28
2441063 54 8 28
2441078 668 9 29
2441094 14 10 29
2441109 928 11 30
2441125 499 12 30
2441141 111 13 31
2441156 1154 14 31
2441172 700 15 32
2441188 135 16 32
2441203 870 17 33
2441218 1424 18 33
2441234 358 19 34
2441249 533 20 34
2441264 536 21 35
2441279 373 22 35
2441294 95 23 36
2441308 1163 0 36
2441323 761 1 37
2441338 358 2 37
2441353 20 3 38
2441367 1211 4 38
2441382 1108 5 39
2441397 1161 6 39
2441412 1408 7 40
2441428 397 8 40
2441443 1021 9 41
2441459 359 10 41
2441474 1281 11 42
2441490 846 12 42
2441506 462 13 43
2441522 62 14 43
2441537 1048 15 44
2441553 483 16 44
2441568 1215 17 45
2441584 332 18 45
2441599 701 19 46
2441614 881 20 46
2441629 879 21 47
2441644 722 22 47
2441659 438 23 48
2441674 72 0 48
2441688 1105 1 49
2441703 708 2 49
2441718 364 3 50
2441733 121 4 50
2441748 12 5 51
2441763 72 6 51
2441778 313 7 52
2441793 750 8 52
2441808 1366 9 53
2441824 713 10 53
2441840 186 11 54
2441855 1200 12 54
2441871 807 13 55
2441887 415 14 55
2441902 1392 15 56
2441918 833 16 56
2441934 119 17 57
2441949 681 18 57
2441964 1047 19 58
2441979 1230 20 58
2441994 1227 21 59
2442009 1074 22 59
2442024 790 23 0
2442039 427 0 0
2442054 19 1 1
2442068 1065 2 1
2442083 720 3 2
2442098 478 4 2
2442113 367 5 3
2442128 426 6 3
2442143 664 7 4
2442158 1098 8 4
2442174 273 9 5
2442189 1056 10 5
2442205 531 11 6
2442221 97 12 6
2442236 1151 13 7
2442252 750 14 7
2442268 297 15 8
2442283 1168 16 8
2442299 465 17 9
2442314 1018 18 9
2442329 1394 19 10
2442345 130 20 10
2442360 137 21 11
2442374 1418 22 11
2442389 1144 23 12
2442404 775 0 12
2442419 377 1 13
2442433 1416 2 13
2442448 1079 3 14
2442463 829 4 14
2442478 725 5 15
2442493 776 6 15
2442508 1021 7 16
2442524 7 8 16
2442539 627 9 17
2442554 1403 10 17
2442570 882 11 18
2442586 446 12 18
2442602 59 13 19
2442617 1101 14 19
2442633 644 15 20
2442649 83 16 20
2442664 813 17 21
2442679 1375 18 21
2442695 302 19 22
2442710 486 20 22
2442725 482 21 23
2442740 330 22 23
2442755 46 23 24
2442769 1125 0 24
2442784 717 1 25
2442799 325 2 25
2442813 1419 3 26
2442828 1179 4 26
2442843 1068 5 27
2442858 1129 6 27
2442873 1366 7 28
2442889 362 8 28
2442904 974 9 29
2442920 321 10 29
2442935 1231 11 30
2442951 804 12 30
2442967 410 13 31
2442983 18 14 31
2442998 998 15 32
2443014 438 16 32
2443029 1168 17 33
2443045 288 18 33
2443060 658 19 34
2443075 838 20 34
2443090 838 21 35
2443105 681 22 35
2443120 400 23 36
2443135 35 0 36
2443149 1071 1 37
2443164 674 2 37
2443179 333 3 38
2443194 90 4 38
2443208 1424 5 39
2443224 42 6 39
2443239 285 7 40
2443254 717 8 40
2443269 1335 9 41
2443285 674 10 41
2443301 152 11 42
2443316 1153 12 42
2443332 767 13 43
2443348 363 14 43
2443363 1350 15 44
2443379 780 16 44
2443395 75 17 45
2443410 629 18 45
2443425 1003 19 46
2443440 1180 20 46
2443455 1185 21 47
2443470 1027 22 47
2443485 750 23 48
2443500 383 0 48
2443514 1423 1 49
2443529 1023 2 49
2443544 686 3 50
2443559 440 4 50
2443574 338 5 51
2443589 393 6 51
2443604 639 7 52
2443619 1069 8 52
2443635 248 9 53
2443650 1028 10 53
2443666 503 11 54
2443682 69 12 54
2443697 1116 13 55
2443713 720 14 55
2443729 257 15 56
2443744 1136 16 56
2443760 422 17 57
2443775 985 18 57
2443790 1350 19 58
2443806 97 20 58
2443821 94 21 59
2443835 1384 22 59
2443850 1100 23 0
2443865 740 0 0
2443880 331 1 1
2443894 1379 2 1
2443909 1032 3 2
2443924 793 4 2
2443939 679 5 3
2443954 741 6 3
2443969 977 7 4
2443984 1415 8 4
2444000 587 9 5
2444015 1373 10 5
2444031 845 11 6
2444047 416 12 6
2444063 24 13 7
2444078 1068 14 7
2444094 610 15 8
2444110 46 16 8
2444125 779 17 9
2444140 1336 18 9
2444156 270 19 10
2444171 447 20 10
2444186 452 21 11
2444201 294 22 11
2444216 17 23 12
2444230 1089 0 12
2444245 688 1 13
2444260 288 2 13
2444274 1389 3 14
2444289 1141 4 14
2444304 1036 5 15
2444319 1089 6 15
2444334 1334 7 16
2444350 322 8 16
2444365 944 9 17
2444381 282 10 17
2444396 1203 11 18
2444412 767 12 18
2444428 383 13 19
2444443 1421 14 19
2444459 968 15 20
2444475 400 16 20
2444490 1133 17 21
2444506 248 18 21
2444521 619 19 22
2444536 797 20 22
2444551 798 21 23
2444566 641 22 23
2444581 361 23 24
2444595 1436 0 24
2444610 1032 1 25
2444625 635 2 25
2444640 295 3 26
2444655 51 4 26
2444669 1385 5 27
2444685 2 6 27
2444700 245 7 28
2444715 678 8 28
2444730 1294 9 29
2444746 639 10 29
2444762 112 11 30
2444777 1124 12 30
2444793 731 13 31
2444809 339 14 31
2444824 1317 15 32
2444840 758 16 32
2444856 43 17 33
2444871 605 18 33
2444886 969 19 34
2444901 1152 20 34
2444916 1148 21 35
2444931 995 22 35
2444946 711 23 36
2444961 350 0 36
2444975 1382 1 37
2444990 990 2 37
2445005 645 3 38
2445020 406 4 38
2445035 294 5 39
2445050 355 6 39
2445065 592 7 40
2445080 1027 8 40
2445096 200 9 41
2445111 982 10 41
2445127 455 11 42
2445143 22 12 42
2445158 1074 13 43
2445174 675 14 43
2445190 221 15 44
2445205 1095 16 44
2445221 391 17 45
2445236 946 18 45
2445251 1322 19 46
2445267 57 20 46
2445282 64 21 47
2445296 1343 22 47
2445311 1068 23 48
2445326 698 0 48
2445341 298 1 49
2445355 1336 2 49
2445370 999 3 50
2445385 750 4 50
2445400 647 5 51
2445415 698 6 51
2445430 944 7 52
2445445 1370 8 52
2445461 550 9 53
2445476 1326 10 53
2445492 805 11 54
2445508 368 12 54
2445523 1423 13 55
2445539 1024 14 55
2445555 569 15 56
2445571 7 16 56
2445586 740 17 57
2445601 1301 18 57
2445617 231 19 58
2445632 414 20 58
2445647 412 21 59
2445662 258 22 59
2445676 1413 23 0
2445691 1049 0 0
2445706 640 1 1
2445721 245 2 1
2445735 1338 3 2
2445750 1096 4 2
2445765 984 5 3
2445780 1044 6 3
2445795 1282 7 4
2445811 278 8 4
2445826 890 9 5
2445842 237 10 5
2445857 1148 11 6
2445873 722 12 6
2445889 329 13 7
2445904 1378 14 7
2445920 917 15 8
2445936 360 16 8
2445951 1089 17 9
2445967 212 18 9
2445982 582 19 10
2445997 765 20 10
2446012 765 21 11
2446027 610 22 11
2446042 328 23 12
2446056 1402 0 12
2446071 995 1 13
2446086 597 2 13
2446101 251 3 14
2446116 7 4 14
2446130 1336 5 15
2446145 1393 6 15
2446161 193 7 16
2446176 625 8 16
2446191 1242 9 17
2446207 582 10 17
2446223 59 11 18
2446238 1064 12 18
2446254 678 13 19
2446270 276 14 19
2446285 1264 15 20
2446301 695 16 20
2446316 1433 17 21
2446332 547 18 21
2446347 924 19 22
2446362 1101 20 22
2446377 1109 21 23
2446392 950 22 23
2446407 676 23 24
2446422 307 0 24
2446436 1348 1 25
2446451 946 2 25
2446466 607 3 26
2446481 357 4 26
2446496 252 5 27
2446511 302 6 27
2446526 546 7 28
2446541 972 8 28
2446557 150 9 29
2446572 927 10 29
2446588 404 11 30
2446603 1409 12 30
2446619 1020 13 31
2446635 624 14 31
2446651 165 15 32
2446666 1045 16 32
2446682 334 17 33
2446697 898 18 33
2446712 1266 19 34
2446728 14 20 34
2446743 12 21 35
2446757 1304 22 35
2446772 1020 23 36
2446787 662 0 36
2446802 253 1 37
2446816 1300 2 37
2446831 951 3 38
2446846 709 4 38
2446861 593 5 39
2446876 651 6 39
2446891 884 7 40
2446906 1317 8 40
2446922 485 9 41
2446937 1270 10 41
2446953 738 11 42
2446969 310 12 42
2446984 1358 13 43
2447000 966 14 43
2447016 509 15 44
2447031 1389 16 44
2447047 684 17 45
2447062 1245 18 45
2447078 179 19 46
2447093 360 20 46
2447108 365 21 47
2447123 209 22 47
2447137 1372 23 48
2447152 1005 0 48
2447167 603 1 49
2447182 204 2 49
2447196 1302 3 50
2447211 1055 4 50
2447226 946 5 51
2447241 998 6 51
2447256 1239 7 52
2447272 224 8 52
2447287 841 9 53
2447303 176 10 53
2447318 1094 11 54
2447334 656 12 54
2447350 272 13 55
2447365 1311 14 55
2447381 860 15 56
2447397 294 16 56
2447412 1031 17 57
2447428 148 18 57
2447443 524 19 58
2447458 704 20 58
2447473 708 21 59
2447488 551 22 59
2447503 274 23 0
2447517 1347 0 0
2447532 945 1 1
2447547 546 2 1
2447562 207 3 2
2447576 1400 4 2
2447591 1294 5 3
2447606 1348 6 3
2447622 149 7 4
2447637 578 8 4
2447652 1193 9 5
2447668 533 10 5
2447684 5 11 6
2447699 1013 12 6
2447715 619 13 7
2447731 225 14 7
2447746 1203 15 8
2447762 646 16 8
2447777 1373 17 9
2447793 499 18 9
2447808 867 19 10
2447823 1055 20 10
2447838 1053 21 11
2447853 904 22 11
2447868 620 23 12
2447883 262 0 12
2447897 1293 1 13
2447912 901 2 13
2447927 554 3 14
2447942 314 4 14
2447957 199 5 15
2447972 259 6 15
2447987 492 7 16
2448002 926 8 16
2448018 95 9 17
2448033 877 10 17
2448049 346 11 18
2448064 1352 12 18
2448080 960 13 19
2448096 561 14 19
2448112 105 15 20
2448127 980 16 20
2448143 277 17 21
2448158 835 18 21
2448173 1213 19 22
2448188 1393 20 22
2448203 1403 21 23
2448218 1246 22 23
2448233 974 23 24
2448248 606 0 24
2448263 208 1 25
2448277 1247 2 25
2448292 908 3 26
2448307 658 4 26
2448322 552 5 27
2448337 601 6 27
2448352 844 7 28
2448367 1268 8 28
2448383 446 9 29
2448398 1220 10 29
2448414 698 11 30
2448430 258 12 30
2448445 1313 13 31
2448461 911 14 31
2448477 457 15 32
2448492 1332 16 32
2448508 627 17 33
2448523 1188 18 33
2448539 121 19 34
2448554 305 20 34
2448569 307 21 35
2448584 155 22 35
2448598 1316 23 36
2448613 953 0 36
2448628 548 1 37
2448643 152 2 37
2448657 1248 3 38
2448672 1003 4 38
2448687 892 5 39
2448702 948 6 39
2448717 1185 7 40
2448733 176 8 40
2448748 788 9 41
2448764 132 10 41
2448779 1042 11 42
2448795 614 12 42
2448811 220 13 43
2448826 1268 14 43
2448842 807 15 44
2448858 250 16 44
2448873 978 17 45
2448889 102 18 45
2448904 471 19 46
2448919 657 20 46
2448934 657 21 47
2448949 505 22 47
2448964 224 23 48
2448978 1303 0 48
2448993 896 1 49
2449008 502 2 49
2449023 157 3 50
2449037 1355 4 50
2449052 1242 5 51
2449067 1300 6 51
2449083 97 7 52
2449098 529 8 52
2449113 1141 9 53
2449129 481 10 53
2449144 1395 11 54
2449160 959 12 54
2449176 572 13 55
2449192 170 14 55
2449207 1157 15 56
2449223 590 16 56
2449238 1327 17 57
2449254 442 18 57
2449269 820 19 58
2449284 997 20 58
2449299 1005 21 59
2449314 846 22 59
2449329 573 23 0
2449344 205 0 0
2449358 1248 1 1
2449373 847 2 1
2449388 510 3 2
2449403 261 4 2
2449418 157 5 3
2449433 208 6 3
2449448 451 7 4
2449463 876 8 4
2449479 54 9 5
2449494 828 10 5
2449510 304 11 6
2449525 1307 12 6
2449541 919 13 7
2449557 521 14 7
2449573 64 15 8
2449588 943 16 8
2449604 235 17 9
2449619 799 18 9
2449634 1169 19 10
2449649 1356 20 10
2449664 1355 21 11
2449679 1205 22 11
2449694 922 23 12
2449709 562 0 12
2449724 154 1 13
2449738 1200 2 13
2449753 852 3 14
2449768 610 4 14
2449783 496 5 15
2449798 554 6 15
2449813 788 7 16
2449828 1221 8 16
2449844 390 9 17
2449859 1174 10 17
2449875 642 11 18
2449891 214 12 18
2449906 1261 13 19
2449922 869 14 19
2449938 411 15 20
2449953 1294 16 20
2449969 588 17 21
2449984 1152 18 21
2450000 87 19 22
2450015 271 20 22
2450030 275 21 23
2450045 121 22 23
2450059 1282 23 24
2450074 916 0 24
2450089 511 1 25
2450104 112 2 25
2450118 1207 3 26
2450133 960 4 26
2450148 849 5 27
2450163 903 6 27
2450178 1142 7 28
2450194 129 8 28
2450209 746 9 29
2450225 83 10 29
2450240 1000 11 30
2450256 563 12 30
2450272 180 13 31
2450287 1218 14 31
2450303 768 15 32
2450319 202 16 32
2450334 942 17 33
2450350 60 18 33
2450365 438 19 34
2450380 618 20 34
2450395 626 21 35
2450410 469 22 35
2450425 194 23 36
2450439 1265 0 36
2450454 864 1 37
2450469 462 2 37
2450484 121 3 38
2450498 1311 4 38
2450513 1204 5 39
2450528 1254 6 39
2450544 56 7 40
2450559 482 8 40
2450574 1099 9 41
2450590 437 10 41
2450605 1352 11 42
2450621 919 12 42
2450637 529 13 43
2450653 135 14 43
2450668 1116 15 44
2450684 559 16 44
2450699 1288 17 45
2450715 415 18 45
2450730 785 19 46
2450745 974 20 46
2450760 974 21 47
2450775 827 22 47
2450790 544 23 48
2450805 187 0 48
2450819 1218 1 49
2450834 826 2 49
2450849 476 3 50
2450864 234 4 50
2450879 117 5 51
2450894 174 6 51
2450909 404 7 52
2450924 836 8 52
2450940 3 9 53
2450955 785 10 53
2450971 253 11 54
2450986 1262 12 54
2451002 870 13 55
2451018 475 14 55
2451034 19 15 56
2451049 898 16 56
2451065 195 17 57
2451080 757 18 57
2451095 1135 19 58
2451110 1318 20 58
2451125 1328 21 59
2451140 1174 22 59
2451155 901 23 0
2451170 536 0 0
2451185 137 1 1
2451199 1177 2 1
2451214 837 3 2
2451229 586 4 2
2451244 477 5 3
2451259 525 6 3
2451274 764 7 4
2451289 1185 8 4
2451305 360 9 5
2451320 1132 10 5
2451336 609 11 6
2451352 169 12 6
2451367 1224 13 7
2451383 824 14 7
2451399 374 15 8
2451414 1251 16 8
2451430 549 17 9
2451445 1111 18 9
2451461 48 19 10
2451476 232 20 10
2451491 237 21 11
2451506 84 22 11
2451520 1247 23 12
2451535 883 0 12
2451550 480 1 13
2451565 83 2 13
2451579 1180 3 14
2451594 933 4 14
2451609 822 5 15
2451624 875 6 15
2451639 1111 7 16
2451655 99 8 16
2451670 710 9 17
2451686 49 10 17
2451701 958 11 18
2451717 527 12 18
2451733 133 13 19
2451748 1182 14 19
2451764 723 15 20
2451780 168 16 20
2451795 899 17 21
2451811 27 18 21
2451826 398 19 22
2451841 587 20 22
2451856 588 21 23
2451871 439 22 23
2451886 157 23 24
2451900 1237 0 24
2451915 829 1 25
2451930 436 2 25
2451945 88 3 26
2451959 1287 4 26
2451974 1172 5 27
2451989 1230 6 27
2452005 24 7 28
2452020 455 8 28
2452035 1064 9 29
2452051 404 10 29
2452066 1313 11 30
2452082 877 12 30
2452098 486 13 31
2452114 86 14 31
2452129 1072 15 32
2452145 507 16 32
2452160 1246 17 33
2452176 364 18 33
2452191 745 19 34
2452206 925 20 34
2452221 936 21 35
2452236 780 22 35
2452251 508 23 36
2452266 141 0 36
2452280 1183 1 37
2452295 782 2 37
2452310 444 3 38
2452325 193 4 38
2452340 87 5 39
2452355 136 6 39
2452370 378 7 40
2452385 800 8 40
2452400 1417 9 41
2452416 749 10 41
2452432 224 11 42
2452447 1224 12 42
2452463 836 13 43
2452479 434 14 43
2452494 1419 15 44
2452510 856 16 44
2452526 151 17 45
2452541 715 18 45
2452556 1089 19 46
2452571 1277 20 46
2452586 1281 21 47
2452601 1133 22 47
2452616 854 23 48
2452631 494 0 48
2452646 87 1 49
2452660 1132 2 49
2452675 785 3 50
2452690 540 4 50
2452705 424 5 51
2452720 479 6 51
2452735 712 7 52
2452750 1142 8 52
2452766 310 9 53
2452781 1092 10 53
2452797 559 11 54
2452813 130 12 54
2452828 1175 13 55
2452844 784 14 55
2452860 324 15 56
2452875 1208 16 56
2452891 500 17 57
2452906 1066 18 57
2452922 0 19 58
2452937 188 20 58
2452952 193 21 59
2452967 43 22 59
2452981 1205 23 0
2452996 843 0 0
2453011 438 1 1
2453026 42 2 1
2453040 1136 3 2
2453055 889 4 2
2453070 775 5 3
2453085 828 6 3
2453100 1063 7 4
2453116 50 8 4
2453131 662 9 5
2453146 1439 10 5
2453162 913 11 6
2453178 476 12 6
2453194 91 13 7
2453209 1130 14 7
2453225 679 15 8
2453241 113 16 8
2453256 852 17 9
2453271 1409 18 9
2453287 349 19 10
2453302 528 20 10
2453317 538 21 11
2453332 381 22 11
2453347 108 23 12
2453361 1181 0 12
2453376 782 1 13
2453391 381 2 13
2453406 43 3 14
2453420 1231 4 14
2453435 1125 5 15
2453450 1173 6 15
2453465 1414 7 16
2453481 397 8 16
2453496 1012 9 17
2453512 347 10 17
2453527 1261 11 18
2453543 826 12 18
2453559 436 13 19
2453575 40 14 19
2453590 1023 15 20
2453606 465 16 20
2453621 1196 17 21
2453637 323 18 21
2453652 693 19 22
2453667 882 20 22
2453682 882 21 23
2453697 734 22 23
2453712 452 23 24
2453727 94 0 24
2453741 1126 1 25
2453756 735 2 25
2453771 387 3 26
2453786 145 4 26
2453801 28 5 27
2453816 85 6 27
2453831 315 7 28
2453846 746 8 28
2453861 1350 9 29
2453877 691 10 29
2453893 156 11 30
2453908 1165 12 30
2453924 771 13 31
2453940 377 14 31
2453955 1360 15 32
2453971 802 16 32
2453987 99 17 33
2454002 663 18 33
2454017 1041 19 34
2454032 1226 20 34
2454047 1234 21 35
2454062 1081 22 35
2454077 806 23 36
2454092 442 0 36
2454107 40 1 37
2454121 1080 2 37
2454136 738 3 38
2454151 488 4 38
2454166 377 5 39
2454181 427 6 39
2454196 664 7 40
2454211 1087 8 40
2454227 260 9 41
2454242 1031 10 41
2454258 507 11 42
2454274 66 12 42
2454289 1121 13 43
2454305 720 14 43
2454321 271 15 44
2454336 1147 16 44
2454352 449 17 45
2454367 1011 18 45
2454382 1391 19 46
2454398 135 20 46
2454413 144 21 47
2454427 1429 22 47
2454442 1154 23 48
2454457 787 0 48
2454472 384 1 49
2454486 1423 2 49
2454501 1080 3 50
2454516 829 4 50
2454531 718 5 51
2454546 768 6 51
2454561 1005 7 52
2454576 1431 8 52
2454592 603 9 53
2454607 1380 10 53
2454623 851 11 54
2454639 419 12 54
2454655 26 13 55
2454670 1074 14 55
2454686 616 15 56
2454702 62 16 56
2454717 794 17 57
2454732 1364 18 57
2454748 296 19 58
2454763 488 20 58
2454778 490 21 59
2454793 344 22 59
2454808 62 23 0
2454822 1143 0 0
2454837 734 1 1
2454852 340 2 1
2454866 1429 3 2
2454881 1186 4 2
2454896 1067 5 3
2454911 1123 6 3
2454926 1353 7 4
2454942 344 8 4
2454957 950 9 5
2454973 291 10 5
2454988 1199 11 6
2455004 765 12 6
2455020 373 13 7
2455035 1415 14 7
2455051 961 15 8
2455067 398 16 8
2455082 1137 17 9
2455098 258 18 9
2455113 640 19 10
2455128 823 20 10
2455143 836 21 11
2455158 682 22 11
2455173 412 23 12
2455188 46 0 12
2455202 1088 1 13
2455217 687 2 13
2455232 347 3 14
2455247 95 4 14
2455261 1426 5 15
2455277 32 6 15
2455292 270 7 16
2455307 689 8 16
2455322 1304 9 17
2455338 633 10 17
2455354 109 11 18
2455369 1108 12 18
2455385 722 13 19
2455401 321 14 19
2455416 1309 15 20
2455432 746 16 20
2455448 44 17 21
2455463 609 18 21
2455478 986 19 22
2455493 1175 20 22
2455508 1182 21 23
2455523 1034 22 23
2455538 758 23 24
2455553 398 0 24
2455567 1434 1 25
2455582 1038 2 25
2455597 692 3 26
2455612 445 4 26
2455627 329 5 27
2455642 380 6 27
2455657 611 7 28
2455672 1037 8 28
2455688 203 9 29
2455703 981 10 29
2455719 447 11 30
2455735 16 12 30
2455750 1062 13 31
2455766 671 14 31
2455782 213 15 32
2455797 1100 16 32
2455813 394 17 33
2455828 964 18 33
2455843 1339 19 34
2455859 90 20 34
2455874 94 21 35
2455888 1387 22 35
2455903 1109 23 36
2455918 750 0 36
2455933 343 1 37
2455947 1389 2 37
2455962 1042 3 38
2455977 797 4 38
2455992 681 5 39
2456007 734 6 39
2456022 965 7 40
2456037 1392 8 40
2456053 559 9 41
2456068 1335 10 41
2456084 805 11 42
2456100 368 12 42
2456115 1420 13 43
2456131 1020 14 43
2456147 570 15 44
2456163 6 16 44
2456178 749 17 45
2456193 1308 18 45
2456209 251 19 46
2456224 433 20 46
2456239 445 21 47
2456254 290 22 47
2456269 18 23 48
2456283 1091 0 48
2456298 693 1 49
2456313 291 2 49
2456327 1393 3 50
2456342 1141 4 50
2456357 1034 5 51
2456372 1081 6 51
2456387 1322 7 52
2456403 303 8 52
2456418 918 9 53
2456434 249 10 53
2456449 1163 11 54
2456465 723 12 54
2456481 334 13 55
2456496 1375 14 55
2456512 920 15 56
2456528 361 16 56
2456543 1096 17 57
2456559 224 18 57
2456574 598 19 58
2456589 789 20 58
2456604 793 21 59
2456619 648 22 59
2456634 368 23 0
2456649 11 0 0
2456663 1044 1 1
2456678 651 2 1
2456693 303 3 2
2456708 59 4 2
2456722 1382 5 3
2456737 1437 6 3
2456753 226 7 4
2456768 655 8 4
2456783 1259 9 5
2456799 599 10 5
2456815 63 11 6
2456830 1071 12 6
2456846 674 13 7
2456862 281 14 7
2456877 1262 15 8
2456893 705 16 8
2456909 1 17 9
2456924 569 18 9
2456939 947 19 10
2456954 1137 20 10
2456969 1146 21 11
2456984 998 22 11
2456999 724 23 12
2457014 363 0 12
2457028 1400 1 13
2457043 1003 2 13
2457058 658 3 14
2457073 409 4 14
2457088 295 5 15
2457103 345 6 15
2457118 579 7 16
2457133 1001 8 16
2457149 172 9 17
2457164 944 10 17
2457180 418 11 18
2457195 1417 12 18
2457211 1032 13 19
2457227 630 14 19
2457243 181 15 20
2457258 1057 16 20
2457274 359 17 21
2457289 920 18 21
2457304 1302 19 22
2457320 46 20 22
2457335 58 21 23
2457349 1345 22 23
2457364 1073 23 24
2457379 707 0 24
2457394 308 1 25
2457408 1347 2 25
2457423 1006 3 26
2457438 753 4 26
2457453 643 5 27
2457468 690 6 27
2457483 927 7 28
2457498 1349 8 28
2457514 521 9 29
2457529 1296 10 29
2457545 768 11 30
2457561 334 12 30
2457576 1383 13 31
2457592 990 14 31
2457608 533 15 32
2457623 1418 16 32
2457639 711 17 33
2457654 1281 18 33
2457670 213 19 34
2457685 405 20 34
2457700 407 21 35
2457715 262 22 35
2457729 1421 23 36
2457744 1064 0 36
2457759 655 1 37
2457774 263 2 37
2457788 1354 3 38
2457803 1111 4 38
2457818 992 5 39
2457833 1048 6 39
2457848 1277 7 40
2457864 267 8 40
2457879 871 9 41
2457895 210 10 41
2457910 1116 11 42
2457926 684 12 42
2457942 290 13 43
2457957 1335 14 43
2457973 880 15 44
2457989 320 16 44
2458004 1058 17 45
2458020 181 18 45
2458035 562 19 46
2458050 746 20 46
2458065 757 21 47
2458080 604 22 47
2458095 332 23 48
2458109 1407 0 48
2458124 1008 1 49
2458139 609 2 49
2458154 268 3 50
2458169 18 4 50
2458183 1348 5 51
2458198 1395 6 51
2458214 192 7 52
2458229 612 8 52
2458244 1225 9 53
2458260 554 10 53
2458276 29 11 54
2458291 1027 12 54
2458307 641 13 55
2458323 240 14 55
2458338 1230 15 56
2458354 668 16 56
2458369 1409 17 57
2458385 534 18 57
2458400 914 19 58
2458415 1102 20 58
2458430 1111 21 59
2458445 961 22 59
2458460 685 23 0
2458475 322 0 0
2458489 1358 1 1
2458504 959 2 1
2458519 614 3 2
2458534 363 4 2
2458549 249 5 3
2458564 298 6 3
2458579 531 7 4
2458594 955 8 4
2458610 122 9 5
2458625 899 10 5
2458641 366 11 6
2458656 1374 12 6
2458672 980 13 7
2458688 590 14 7
2458704 133 15 8
2458719 1022 16 8
2458735 316 17 9
2458750 890 18 9
2458765 1265 19 10
2458781 19 20 10
2458796 24 21 11
2458810 1318 22 11
2458825 1038 23 12
2458840 679 0 12
2458855 270 1 13
2458869 1314 2 13
2458884 963 3 14
2458899 717 4 14
2458914 596 5 15
2458929 649 6 15
2458944 878 7 16
2458959 1305 8 16
2458975 471 9 17
2458990 1249 10 17
2459006 718 11 18
2459022 283 12 18
2459037 1334 13 19
2459053 936 14 19
2459069 486 15 20
2459084 1364 16 20
2459100 668 17 21
2459115 1230 18 21
2459131 175 19 22
2459146 359 20 22
2459161 373 21 23
2459176 219 22 23
2459190 1389 23 24
2459205 1022 0 24
2459220 623 1 25
2459235 219 2 25
2459249 1318 3 26
2459264 1063 4 26
2459279 953 5 27
2459294 997 6 27
2459309 1235 7 28
2459325 213 8 28
2459340 827 9 29
2459356 157 10 29
2459371 1072 11 30
2459387 632 12 30
2459403 245 13 31
2459418 1286 14 31
2459434 833 15 32
2459450 274 16 32
2459465 1012 17 33
2459481 141 18 33
2459496 519 19 34
2459511 711 20 34
2459526 718 21 35
2459541 573 22 35
2459556 297 23 36
2459570 1379 0 36
2459585 974 1 37
2459600 579 2 37
2459615 230 3 38
2459629 1423 4 38
2459644 1303 5 39
2459659 1353 6 39
2459675 140 7 40
2459690 564 8 40
2459705 1165 9 41
2459721 502 10 41
2459736 1405 11 42
2459752 973 12 42
2459768 578 13 43
2459784 187 14 43
2459799 1169 15 44
2459815 616 16 44
2459830 1352 17 45
2459846 483 18 45
2459861 862 19 46
2459876 1055 20 46
2459891 1065 21 47
2459906 920 22 47
2459921 646 23 48
2459936 288 0 48
2459950 1324 1 49
2459965 929 2 49
2459980 582 3 50
2459995 334 4 50
2460010 216 5 51
2460025 264 6 51
2460040 493 7 52
2460055 913 8 52
2460071 78 9 53
2460086 849 10 53
2460102 318 11 54
2460117 1317 12 54
2460133 930 13 55
2460149 530 14 55
2460165 82 15 56
2460180 961 16 56
2460196 266 17 57
2460211 829 18 57
2460226 1215 19 58
2460241 1400 20 58
2460256 1415 21 59
2460271 1262 22 59
2460286 992 23 0
2460301 627 0 0
2460316 229 1 1
2460330 1267 2 1
2460345 927 3 2
2460360 673 4 2
2460375 562 5 3
2460390 606 6 3
2460405 842 7 4
2460420 1259 8 4
2460436 430 9 5
2460451 1199 10 5
2460467 669 11 6
2460483 231 12 6
2460498 1280 13 7
2460514 884 14 7
2460530 429 15 8
2460545 1315 16 8
2460561 611 17 9
2460576 1183 18 9
2460592 119 19 10
2460607 314 20 10
2460622 320 21 11
2460637 176 22 11
2460651 1337 23 12
2460666 980 0 12
2460681 572 1 13
2460696 180 2 13
2460710 1270 3 14
2460725 1026 4 14
2460740 907 5 15
2460755 961 6 15
2460770 1188 7 16
2460786 176 8 16
2460801 777 9 17
2460817 114 10 17
2460832 1016 11 18
2460848 582 12 18
2460864 184 13 19
2460879 1229 14 19
2460895 771 15 20
2460911 213 16 20
2460926 951 17 21
2460942 79 18 21
2460957 461 19 22
2460972 650 20 22
2460987 664 21 23
2461002 515 22 23
2461017 244 23 24
2461031 1323 0 24
2461046 923 1 25
2461061 524 2 25
2461076 182 3 26
2461090 1371 4 26
2461105 1258 5 27
2461120 1305 6 27
2461136 99 7 28
2461151 519 8 28
2461166 1128 9 29
2461182 456 10 29
2461197 1368 11 30
2461213 924 12 30
2461229 536 13 31
2461245 133 14 31
2461260 1122 15 32
2461276 558 16 32
2461291 1301 17 33
2461307 425 18 33
2461322 809 19 34
2461337 997 20 34
2461352 1012 21 35
2461367 863 22 35
2461382 592 23 36
2461397 230 0 36
2461411 1269 1 37
2461426 869 2 37
2461441 526 3 38
2461456 273 4 38
2461471 159 5 39
2461486 204 6 39
2461501 437 7 40
2461516 857 8 40
2461532 25 9 41
2461547 798 10 41
2461563 265 11 42
2461578 1270 12 42
2461594 877 13 43
2461610 484 14 43
2461626 26 15 44
2461641 914 16 44
2461657 208 17 45
2461672 781 18 45
2461687 1157 19 46
2461702 1352 20 46
2461717 1358 21 47
2461732 1216 22 47
2461747 937 23 48
2461762 582 0 48
2461777 174 1 49
2461791 1221 2 49
2461806 871 3 50
2461821 626 4 50
2461836 504 5 51
2461851 557 6 51
2461866 783 7 52
2461881 1209 8 52
2461897 372 9 53
2461912 1149 10 53
2461928 616 11 54
2461944 182 12 54
2461959 1230 13 55
2461975 833 14 55
2461991 381 15 56
2462006 1260 16 56
2462022 562 17 57
2462037 1125 18 57
2462053 68 19 58
2462068 253 20 58
2462083 267 21 59
2462098 114 22 59
2462112 1284 23 0
2462127 919 0 0
2462142 521 1 1
2462157 120 2 1
2462171 1220 3 2
2462186 967 4 2
2462201 857 5 3
2462216 901 6 3
2462231 1138 7 4
2462247 115 8 4
2462262 727 9 5
2462278 55 10 5
2462293 969 11 6
2462309 528 12 6
2462325 142 13 7
2462340 1182 14 7
2462356 731 15 8
2462372 171 16 8
2462387 911 17 9
2462403 38 18 9
2462418 418 19 10
2462433 608 20 10
2462448 616 21 11
2462463 469 22 11
2462478 193 23 12
2462492 1274 0 12
2462507 870 1 13
2462522 474 2 13
2462537 128 3 14
2462551 1319 4 14
2462566 1203 5 15
2462581 1252 6 15
2462597 41 7 16
2462612 463 8 16
2462627 1066 9 17
2462643 401 10 17
2462658 1304 11 18
2462674 871 12 18
2462690 475 13 19
2462706 84 14 19
2462721 1067 15 20
2462737 516 16 20
2462752 1252 17 21
2462768 386 18 21
2462783 765 19 22
2462798 960 20 22
2462813 968 21 23
2462828 824 22 23
2462843 547 23 24
2462858 189 0 24
2462872 1223 1 25
2462887 827 2 25
2462902 478 3 26
2462917 230 4 26
2462932 111 5 27
2462947 160 6 27
2462962 388 7 28
2462977 811 8 28
2462992 1415 9 29
2463008 747 10 29
2463024 215 11 30
2463039 1217 12 30
2463055 828 13 31
2463071 430 14 31
2463086 1422 15 32
2463102 863 16 32
2463118 170 17 33
2463133 735 18 33
2463148 1122 19 34
2463163 1309 20 34
2463178 1325 21 35
2463193 1172 22 35
2463208 902 23 36
2463223 535 0 36
2463238 136 1 37
2463252 1171 2 37
2463267 828 3 38
2463282 572 4 38
2463297 460 5 39
2463312 501 6 39
2463327 737 7 40
2463342 1154 8 40
2463358 325 9 41
2463373 1095 10 41
2463389 568 11 42
2463405 128 12 42
2463420 1180 13 43
2463436 784 14 43
2463452 332 15 44
2463467 1218 16 44
2463483 517 17 45
2463498 1090 18 45
2463514 30 19 46
2463529 226 20 46
2463544 234 21 47
2463559 91 22 47
2463573 1253 23 48
2463588 895 0 48
2463603 488 1 49
2463618 92 2 49
2463632 1181 3 50
2463647 933 4 50
2463662 812 5 51
2463677 862 6 51
2463692 1088 7 52
2463708 73 8 52
2463723 673 9 53
2463739 10 10 53
2463754 913 11 54
2463770 481 12 54
2463786 84 13 55
2463801 1132 14 55
2463817 675 15 56
2463833 121 16 56
2463848 860 17 57
2463863 1431 18 57
2463879 373 19 58
2463894 567 20 58
2463909 581 21 59
2463924 436 22 59
2463939 164 23 0
2463953 1246 0 0
2463968 844 1 1
2463983 447 2 1
2463998 101 3 2
2464012 1290 4 2
2464027 1172 5 3
2464042 1217 6 3
2464058 6 7 4
2464073 423 8 4
2464088 1029 9 5
2464104 356 10 5
2464119 1266 11 6
2464135 824 12 6
2464151 437 13 7
2464167 36 14 7
2464182 1029 15 8
2464198 467 16 8
2464213 1214 17 9
2464229 339 18 9
2464244 727 19 10
2464259 916 20 10
2464274 933 21 11
2464289 784 22 11
2464304 516 23 12
2464319 154 0 12
2464333 1195 1 13
2464348 794 2 13
2464363 451 3 14
2464378 196 4 14
2464393 81 5 15
2464408 122 6 15
2464423 353 7 16
2464438 769 8 16
2464453 1374 9 17
2464469 703 10 17
2464485 170 11 18
2464500 1173 12 18
2464516 781 13 19
2464532 388 14 19
2464547 1374 15 20
2464563 824 16 20
2464579 122 17 21
2464594 698 18 21
2464609 1077 19 22
2464624 1276 20 22
2464639 1283 21 23
2464654 1143 22 23
2464669 865 23 24
2464684 510 0 24
2464699 103 1 25
2464713 1151 2 25
2464728 799 3 26
2464743 554 4 26
2464758 431 5 27
2464773 482 6 27
2464788 706 7 28
2464803 1130 8 28
2464819 289 9 29
2464834 1064 10 29
2464850 527 11 30
2464866 92 12 30
2464881 1137 13 31
2464897 742 14 31
2464913 288 15 32
2464928 1172 16 32
2464944 475 17 33
2464959 1043 18 33
2464974 1428 19 34
2464990 178 20 34
2465005 194 21 35
2465020 45 22 35
2465034 1216 23 36
2465049 852 0 36
2465064 454 1 37
2465079 53 2 37
2465093 1151 3 38
2465108 898 4 38
2465123 786 5 39
2465138 830 6 39
2465153 1064 7 40
2465169 40 8 40
2465184 649 9 41
2465199 1415 10 41
2465215 886 11 42
2465231 442 12 42
2465247 55 13 43
2465262 1092 14 43
2465278 643 15 44
2465294 82 16 44
2465309 825 17 45
2465324 1393 18 45
2465340 337 19 46
2465355 529 20 46
2465370 544 21 47
2465385 398 22 47
2465400 127 23 48
2465414 1207 0 48
2465429 806 1 49
2465444 408 2 49
2465459 63 3 50
2465473 1252 4 50
2465488 1135 5 51
2465503 1180 6 51
2465518 1409 7 52
2465534 388 8 52
2465549 991 9 53
2465565 322 10 53
2465580 1225 11 54
2465596 789 12 54
2465612 392 13 55
2465627 1439 14 55
2465643 981 15 56
2465659 430 16 56
2465674 1166 17 57
2465690 302 18 57
2465705 681 19 58
2465720 880 20 58
2465735 890 21 59
2465750 751 22 59
2465765 476 23 0
2465780 122 0 0
2465794 1156 1 1
2465809 763 2 1
2465824 412 3 2
2465839 165 4 2
2465854 43 5 3
2465869 92 6 3
2465884 315 7 4
2465899 737 8 4
2465914 1338 9 5
2465930 670 10 5
2465946 135 11 6
2465961 1137 12 6
2465977 746 13 7
2465993 348 14 7
2466008 1338 15 8
2466024 778 16 8
2466040 84 17 9
2466055 649 18 9
2466070 1037 19 10
2466085 1225 20 10
2466100 1242 21 11
2466115 1092 22 11
2466130 825 23 12
2466145 460 0 12
2466160 63 1 13
2466174 1101 2 13
2466189 759 3 14
2466204 503 4 14
2466219 391 5 15
2466234 431 6 15
2466249 665 7 16
2466264 1079 8 16
2466280 249 9 17
2466295 1015 10 17
2466311 488 11 18
2466327 46 12 18
2466342 1099 13 19
2466358 700 14 19
2466374 250 15 20
2466389 1133 16 20
2466405 434 17 21
2466420 1004 18 21
2466435 1385 19 22
2466451 139 20 22
2466466 149 21 23
2466481 5 22 23
2466495 1170 23 24
2466510 812 0 24
2466525 408 1 25
2466540 13 2 25
2466554 1105 3 26
2466569 857 4 26
2466584 737 5 27
2466599 786 6 27
2466614 1012 7 28
2466629 1434 8 28
2466645 594 9 29
2466660 1368 10 29
2466676 829 11 30
2466692 395 12 30
2466707 1438 13 31
2466723 1046 14 31
2466739 588 15 32
2466755 36 16 32
2466770 773 17 33
2466785 1346 18 33
2466801 287 19 34
2466816 482 20 34
2466831 493 21 35
2466846 349 22 35
2466861 75 23 36
2466875 1158 0 36
2466890 755 1 37
2466905 360 2 37
2466920 12 3 38
2466934 1204 4 38
2466949 1085 5 39
2466964 1133 6 39
2466979 1360 7 40
2466995 339 8 40
2467010 942 9 41
2467026 271 10 41
2467041 1178 11 42
2467057 735 12 42
2467073 347 13 43
2467088 1386 14 43
2467104 938 15 44
2467120 378 16 44
2467135 1125 17 45
2467151 251 18 45
2467166 640 19 46
2467181 829 20 46
2467196 847 21 47
2467211 697 22 47
2467226 429 23 48
2467241 64 0 48
2467255 1105 1 49
2467270 701 2 49
2467285 358 3 50
2467300 101 4 50
2467314 1427 5 51
2467330 27 6 51
2467345 260 7 52
2467360 674 8 52
2467375 1282 9 53
2467391 609 10 53
2467407 78 11 54
2467422 1078 12 54
2467438 687 13 55
2467454 293 14 55
2467469 1280 15 56
2467485 729 16 56
2467501 30 17 57
2467516 606 18 57
2467531 987 19 58
2467546 1186 20 58
2467561 1195 21 59
2467576 1055 22 59
2467591 777 23 0
2467606 421 0 0
2467621 12 1 1
2467635 1057 2 1
2467650 704 3 2
2467665 455 4 2
2467680 331 5 3
2467695 380 6 3
2467710 603 7 4
2467725 1026 8 4
2467741 185 9 5
2467756 961 10 5
2467772 424 11 6
2467787 1431 12 6
2467803 1035 13 7
2467819 643 14 7
2467835 188 15 8
2467850 1074 16 8
2467866 376 17 9
2467881 947 18 9
2467896 1333 19 10
2467912 86 20 10
2467927 102 21 11
2467941 1395 22 11
2467956 1125 23 12
2467971 763 0 12
2467986 362 1 13
2468000 1402 2 13
2468015 1056 3 14
2468030 802 4 14
2468045 685 5 15
2468060 727 6 15
2468075 957 7 16
2468090 1372 8 16
2468106 539 9 17
2468121 1306 10 17
2468137 777 11 18
2468153 333 12 18
2468168 1388 13 19
2468184 986 14 19
2468200 539 15 20
2468215 1419 16 20
2468231 725 17 21
2468246 1292 18 21
2468262 240 19 22
2468277 432 20 22
2468292 449 21 23
2468307 303 22 23
2468322 35 23 24
2468336 1115 0 24
2468351 716 1 25
2468366 315 2 25
2468380 1411 3 26
2468395 1155 4 26
2468410 1037 5 27
2468425 1077 6 27
2468440 1305 7 28
2468456 278 8 28
2468471 880 9 29
2468487 208 10 29
2468502 1112 11 30
2468518 674 12 30
2468534 280 13 31
2468549 1328 14 31
2468565 873 15 32
2468581 324 16 32
2468596 1063 17 33
2468612 201 18 33
2468627 582 19 34
2468642 783 20 34
2468657 794 21 35
2468672 656 22 35
2468687 381 23 36
2468702 28 0 36
2468716 1062 1 37
2468731 670 2 37
2468746 318 3 38
2468761 70 4 38
2468775 1385 5 39
2468790 1432 6 39
2468806 212 7 40
2468821 632 8 40
2468836 1228 9 41
2468852 559 10 41
2468868 20 11 42
2468883 1023 12 42
2468899 630 13 43
2468915 235 14 43
2468930 1225 15 44
2468946 670 16 44
2468961 1418 17 45
2468977 548 18 45
2468992 937 19 46
2469007 1128 20 46
2469022 1147 21 47
2469037 998 22 47
2469052 731 23 48
2469067 367 0 48
2469081 1409 1 49
2469096 1007 2 49
2469111 664 3 50
2469126 408 4 50
2469141 294 5 51
2469156 333 6 51
2469171 565 7 52
2469186 977 8 52
2469202 144 9 53
2469217 908 10 53
2469233 378 11 54
2469248 1374 12 54
2469264 986 13 55
2469280 587 14 55
2469296 138 15 56
2469311 1022 16 56
2469327 328 17 57
2469342 900 18 57
2469357 1286 19 58
2469373 42 20 58
2469388 56 21 59
2469402 1353 22 59
2469417 1080 23 0
2469432 722 0 0
2469447 318 1 1
2469461 1361 2 1
2469476 1013 3 2
2469491 762 4 2
2469506 643 5 3
2469521 688 6 3
2469536 914 7 4
2469551 1333 8 4
2469567 492 9 5
2469582 1263 10 5
2469598 723 11 6
2469614 287 12 6
2469629 1328 13 7
2469645 936 14 7
2469661 478 15 8
2469676 1367 16 8
2469692 665 17 9
2469707 1242 18 9
2469723 185 19 10
2469738 385 20 10
2469753 398 21 11
2469768 259 22 11
2469782 1426 23 12
2469797 1072 0 12
2469812 668 1 13
2469827 273 2 13
2469841 1363 3 14
2469856 1115 4 14
2469871 992 5 15
2469886 1039 6 15
2469901 1263 7 16
2469917 242 8 16
2469932 842 9 17
2469948 170 10 17
2469963 1074 11 18
2469979 633 12 18
2469995 242 13 19
2470010 1281 14 19
2470026 832 15 20
2470042 272 16 20
2470057 1020 17 21
2470073 148 18 21
2470088 540 19 22
2470103 731 20 22
2470118 753 21 23
2470133 606 22 23
2470148 341 23 24
2470162 1418 0 24
2470177 1022 1 25
2470192 618 2 25
2470207 276 3 26
2470222 17 4 26
2470236 1342 5 27
2470251 1379 6 27
2470267 169 7 28
2470282 580 8 28
2470297 1187 9 29
2470313 511 10 29
2470328 1420 11 30
2470344 978 12 30
2470360 589 13 31
2470376 193 14 31
2470391 1181 15 32
2470407 629 16 32
2470422 1371 17 33
2470438 507 18 33
2470453 890 19 34
2470468 1090 20 34
2470483 1102 21 35
2470498 963 22 35
2470513 688 23 36
2470528 334 0 36
2470542 1368 1 37
2470557 974 2 37
2470572 623 3 38
2470587 373 4 38
2470602 249 5 39
2470617 296 6 39
2470632 517 7 40
2470647 938 8 40
2470663 94 9 41
2470678 869 10 41
2470694 329 11 42
2470709 1336 12 42
2470725 940 13 43
2470741 549 14 43
2470757 93 15 44
2470772 981 16 44
2470788 282 17 45
2470803 855 18 45
2470818 1239 19 46
2470833 1435 20 46
2470849 10 21 47
2470863 1306 22 47
2470878 1035 23 48
2470893 677 0 48
2470908 276 1 49
2470922 1319 2 49
2470937 973 3 50
2470952 722 4 50
2470967 603 5 51
2470982 647 6 51
2470997 874 7 52
2471012 1290 8 52
2471028 453 9 53
2471043 1219 10 53
2471059 687 11 54
2471075 244 12 54
2471090 1297 13 55
2471106 896 14 55
2471122 450 15 56
2471137 1330 16 56
2471153 638 17 57
2471168 1206 18 57
2471184 156 19 58
2471199 347 20 58
2471214 366 21 59
2471229 218 22 59
2471243 1392 23 0
2471258 1030 0 0
2471273 632 1 1
2471288 231 2 1
2471302 1328 3 2
2471317 1071 4 2
2471332 955 5 3
2471347 994 6 3
2471362 1223 7 4
2471378 195 8 4
2471393 798 9 5
2471409 123 10 5
2471424 1027 11 6
2471440 587 12 6
2471456 193 13 7
2471471 1240 14 7
2471487 787 15 8
2471503 238 16 8
2471518 979 17 9
2471534 119 18 9
2471549 502 19 10
2471564 705 20 10
2471579 716 21 11
2471594 579 22 11
2471609 303 23 12
2471623 1390 0 12
2471638 982 1 13
2471653 589 2 13
2471668 236 3 14
2471682 1427 4 14
2471697 1301 5 15
2471712 1348 6 15
2471728 128 7 16
2471743 548 8 16
2471758 1144 9 17
2471774 476 10 17
2471789 1376 11 18
2471805 940 12 18
2471821 545 13 19
2471837 152 14 19
2471852 1141 15 20
2471868 588 16 20
2471883 1335 17 21
2471899 468 18 21
2471914 859 19 22
2471929 1053 20 22
2471944 1072 21 23
2471959 926 22 23
2471974 658 23 24
2471989 295 0 24
2472003 1335 1 25
2472018 933 2 25
2472033 587 3 26
2472048 330 4 26
2472063 212 5 27
2472078 251 6 27
2472093 480 7 28
2472108 892 8 28
2472124 58 9 29
2472139 822 10 29
2472155 292 11 30
2472170 1288 12 30
2472186 902 13 31
2472202 502 14 31
2472218 56 15 32
2472233 939 16 32
2472249 247 17 33
2472264 819 18 33
2472279 1209 19 34
2472294 1405 20 34
2472309 1423 21 35
2472324 1280 22 35
2472339 1011 23 36
2472354 651 0 36
2472369 250 1 37
2472383 1290 2 37
2472398 942 3 38
2472413 687 4 38
2472428 567 5 39
2472443 608 6 39
2472458 832 7 40
2472473 1247 8 40
2472489 406 9 41
2472504 1175 10 41
2472520 636 11 42
2472536 199 12 42
2472551 1242 13 43
2472567 850 14 43
2472583 394 15 44
2472598 1285 16 44
2472614 584 17 45
2472629 1163 18 45
2472645 106 19 46
2472660 309 20 46
2472675 323 21 47
2472690 186 22 47
2472704 1354 23 48
2472719 1003 0 48
2472734 598 1 49
2472749 206 2 49
2472763 1294 3 50
2472778 1045 4 50
2472793 920 5 51
2472808 965 6 51
2472823 1184 7 52
2472839 161 8 52
2472854 756 9 53
2472870 84 10 53
2472885 984 11 54
2472901 544 12 54
2472917 151 13 55
2472932 1194 14 55
2472948 745 15 56
2472964 189 16 56
2472979 938 17 57
2472995 68 18 57
2473010 461 19 58
2473025 654 20 58
2473040 677 21 59
2473055 531 22 59
2473070 267 23 0
2473084 1345 0 0
2473099 949 1 1
2473114 546 2 1
2473129 204 3 2
2473143 1385 4 2
2473158 1269 5 3
2473173 1304 6 3
2473189 92 7 4
2473204 500 8 4
2473219 1104 9 5
2473235 424 10 5
2473250 1332 11 6
2473266 887 12 6
2473282 499 13 7
2473298 101 14 7
2473313 1093 15 8
2473329 540 16 8
2473344 1286 17 9
2473360 423 18 9
2473375 810 19 10
2473390 1011 20 10
2473405 1025 21 11
2473420 886 22 11
2473435 613 23 12
2473450 258 0 12
2473464 1294 1 13
2473479 898 2 13
2473494 548 3 14
2473509 297 4 14
2473524 174 5 15
2473539 218 6 15
2473554 440 7 16
2473569 857 8 16
2473585 13 9 17
2473600 783 10 17
2473616 241 11 18
2473631 1245 12 18
2473647 847 13 19
2473663 456 14 19
2473678 1439 15 20
2473694 889 16 20
2473710 190 17 21
2473725 768 18 21
2473740 1153 19 22
2473755 1353 20 22
2473770 1369 21 23
2473785 1228 22 23
2473800 957 23 24
2473815 601 0 24
2473830 198 1 25
2473844 1242 2 25
2473859 894 3 26
2473874 643 4 26
2473889 521 5 27
2473904 566 6 27
2473919 790 7 28
2473934 1206 8 28
2473950 366 9 29
2473965 1132 10 29
2473981 596 11 30
2473997 152 12 30
2474012 1202 13 31
2474028 800 14 31
2474044 353 15 32
2474059 1233 16 32
2474075 542 17 33
2474090 1111 18 33
2474106 64 19 34
2474121 257 20 34
2474136 280 21 35
2474151 134 22 35
2474165 1310 23 36
2474180 949 0 36
2474195 553 1 37
2474210 150 2 37
2474224 1247 3 38
2474239 988 4 38
2474254 871 5 39
2474269 907 6 39
2474284 1135 7 40
2474300 104 8 40
2474315 707 9 41
2474331 30 10 41
2474346 935 11 42
2474362 491 12 42
2474378 98 13 43
2474393 1142 14 43
2474409 689 15 44
2474425 138 16 44
2474440 880 17 45
2474456 20 18 45
2474471 404 19 46
2474486 608 20 46
2474501 622 21 47
2474516 487 22 47
2474531 214 23 48
2474545 1303 0 48
2474560 897 1 49
2474575 504 2 49
2474590 151 3 50
2474604 1341 4 50
2474619 1214 5 51
2474634 1259 6 51
2474650 37 7 52
2474665 455 8 52
2474680 1048 9 53
2474696 379 10 53
2474711 1277 11 54
2474727 842 12 54
2474743 445 13 55
2474759 53 14 55
2474774 1040 15 56
2474790 489 16 56
2474805 1233 17 57
2474821 368 18 57
2474836 757 19 58
2474851 953 20 58
2474866 972 21 59
2474881 828 22 59
2474896 561 23 0
2474911 201 0 0
2474925 1241 1 1
2474940 841 2 1
2474955 495 3 2
2474970 239 4 2
2474985 119 5 3
2475000 159 6 3
2475015 384 7 4
2475030 796 8 4
2475045 1398 9 5
2475061 722 10 5
2475077 190 11 6
2475092 1186 12 6
2475108 799 13 7
2475124 399 14 7
2475139 1394 15 8
2475155 837 16 8
2475171 146 17 9
2475186 717 18 9
2475201 1108 19 10
2475216 1302 20 10
2475231 1321 21 11
2475246 1177 22 11
2475261 909 23 12
2475276 549 0 12
2475291 149 1 13
2475305 1189 2 13
2475320 844 3 14
2475335 587 4 14
2475350 469 5 15
2475365 508 6 15
2475380 734 7 16
2475395 1146 8 16
2475411 305 9 17
2475426 1071 10 17
2475442 532 11 18
2475458 92 12 18
2475473 1137 13 19
2475489 744 14 19
2475505 289 15 20
2475520 1181 16 20
2475536 482 17 21
2475551 1063 18 21
2475567 6 19 22
2475582 210 20 22
2475597 222 21 23
2475612 86 22 23
2475626 1253 23 24
2475641 901 0 24
2475656 495 1 25
2475671 102 2 25
2475685 1189 3 26
2475700 941 4 26
2475715 814 5 27
2475730 860 6 27
2475745 1078 7 28
2475761 55 8 28
2475776 649 9 29
2475791 1417 10 29
2475807 876 11 30
2475823 436 12 30
2475839 42 13 31
2475854 1086 14 31
2475870 637 15 32
2475886 83 16 32
2475901 833 17 33
2475916 1407 18 33
2475932 361 19 34
2475947 556 20 34
2475962 579 21 35
2475977 434 22 35
2475992 168 23 36
2476006 1245 0 36
2476021 847 1 37
2476036 443 2 37
2476051 97 3 38
2476065 1277 4 38
2476080 1158 5 39
2476095 1194 6 39
2476110 1421 7 40
2476126 389 8 40
2476141 992 9 41
2476157 313 10 41
2476172 1221 11 42
2476188 776 12 42
2476204 389 13 43
2476219 1431 14 43
2476235 985 15 44
2476251 432 16 44
2476266 1182 17 45
2476282 320 18 45
2476297 711 19 46
2476312 912 20 46
2476327 930 21 47
2476342 791 22 47
2476357 521 23 48
2476372 163 0 48
2476386 1199 1 49
2476401 800 2 49
2476416 449 3 50
2476431 193 4 50
2476446 69 5 51
2476461 109 6 51
2476476 330 7 52
2476491 744 8 52
2476506 1341 9 53
2476522 670 10 53
2476538 129 11 54
2476553 1134 12 54
2476569 737 13 55
2476585 347 14 55
2476600 1331 15 56
2476616 784 16 56
2476632 86 17 57
2476647 667 18 57
2476662 1053 19 58
2476677 1257 20 58
2476692 1273 21 59
2476707 1137 22 59
2476722 866 23 0
2476737 513 0 0
2476752 108 1 1
2476766 1153 2 1
2476781 801 3 2
2476796 549 4 2
2476811 422 5 3
2476826 465 6 3
2476841 684 7 4
2476856 1099 8 4
2476872 255 9 5
2476887 1021 10 5
2476903 483 11 6
2476919 41 12 6
2476934 1091 13 7
2476950 692 14 7
2476966 246 15 8
2476981 1129 16 8
2476997 441 17 9
2477012 1012 18 9
2477027 1407 19 10
2477043 162 20 10
2477058 187 21 11
2477073 44 22 11
2477087 1222 23 12
2477102 862 0 12
2477117 467 1 13
2477132 65 2 13
2477146 1162 3 14
2477161 901 4 14
2477176 782 5 15
2477191 815 6 15
2477206 1040 7 16
2477222 4 8 16
2477237 605 9 17
2477252 1363 10 17
2477268 828 11 18
2477284 383 12 18
2477299 1432 13 19
2477315 1036 14 19
2477331 587 15 20
2477347 37 16 20
2477362 784 17 21
2477377 1365 18 21
2477393 313 19 22
2477408 518 20 22
2477423 536 21 23
2477438 401 22 23
2477453 131 23 24
2477467 1219 0 24
2477482 816 1 25
2477497 422 2 25
2477512 71 3 26
2477526 1260 4 26
2477541 1133 5 27
2477556 1175 6 27
2477571 1391 7 28
2477587 365 8 28
2477602 955 9 29
2477618 283 10 29
2477633 1178 11 30
2477649 741 12 30
2477665 343 13 31
2477680 1392 14 31
2477696 939 15 32
2477712 392 16 32
2477727 1138 17 33
2477743 278 18 33
2477758 668 19 34
2477773 869 20 34
2477788 889 21 35
2477803 749 22 35
2477818 481 23 36
2477833 124 0 36
2477847 1163 1 37
2477862 765 2 37
2477877 417 3 38
2477892 163 4 38
2477907 41 5 39
2477922 81 6 39
2477937 304 7 40
2477952 715 8 40
2477967 1314 9 41
2477983 636 10 41
2477999 100 11 42
2478014 1094 12 42
2478030 705 13 43
2478046 304 14 43
2478061 1299 15 44
2478077 742 16 44
2478093 55 17 45
2478108 628 18 45
2478123 1023 19 46
2478138 1220 20 46
2478153 1244 21 47
2478168 1100 22 47
2478183 836 23 48
2478198 476 0 48
2478213 79 1 49
2478227 1117 2 49
2478242 773 3 50
2478257 515 4 50
2478272 397 5 51
2478287 433 6 51
2478302 659 7 52
2478317 1068 8 52
2478333 228 9 53
2478348 989 10 53
2478364 451 11 54
2478380 7 12 54
2478395 1051 13 55
2478411 655 14 55
2478427 200 15 56
2478442 1091 16 56
2478458 393 17 57
2478473 975 18 57
2478488 1361 19 58
2478504 128 20 58
2478519 144 21 59
2478534 11 22 59
2478548 1180 23 0
2478563 831 0 0
2478578 426 1 1
2478593 34 2 1
2478607 1121 3 2
2478622 872 4 2
2478637 744 5 3
2478652 789 6 3
2478667 1005 7 4
2478682 1422 8 4
2478698 573 9 5
2478713 1342 10 5
2478729 798 11 6
2478745 358 12 6
2478760 1401 13 7
2478776 1006 14 7
2478792 553 15 8
2478808 1 16 8
2478823 748 17 9
2478838 1324 18 9
2478854 277 19 10
2478869 476 20 10
2478884 500 21 11
2478899 358 22 11
2478914 94 23 12
2478928 1175 0 12
2478943 778 1 13
2478958 377 2 13
2478973 31 3 14
2478987 1212 4 14
2479002 1091 5 15
2479017 1127 6 15
2479032 1351 7 16
2479048 318 8 16
2479063 920 9 17
2479079 240 10 17
2479094 1147 11 18
2479110 700 12 18
2479126 314 13 19
2479141 1354 14 19
2479157 908 15 20
2479173 353 16 20
2479188 1104 17 21
2479204 239 18 21
2479219 631 19 22
2479234 831 20 22
2479249 852 21 23
2479264 711 22 23
2479279 445 23 24
2479294 87 0 24
2479308 1127 1 25
2479323 728 2 25
2479338 380 3 26
2479353 123 4 26
2479368 1 5 27
2479383 39 6 27
2479398 260 7 28
2479413 672 8 28
2479428 1268 9 29
2479444 595 10 29
2479460 55 11 30
2479475 1057 12 30
2479491 660 13 31
2479507 270 14 31
2479522 1255 15 32
2479538 708 16 32
2479554 9 17 33
2479569 590 18 33
2479584 975 19 34
2479599 1179 20 34
2479614 1194 21 35
2479629 1058 22 35
2479644 786 23 36
2479659 433 0 36
2479674 29 1 37
2479688 1075 2 37
2479703 723 3 38
2479718 474 4 38
2479733 347 5 39
2479748 391 6 39
2479763 609 7 40
2479778 1024 8 40
2479794 178 9 41
2479809 945 10 41
2479825 405 11 42
2479840 1404 12 42
2479856 1011 13 43
2479872 614 14 43
2479888 167 15 44
2479903 1052 16 44
2479919 363 17 45
2479934 936 18 45
2479949 1331 19 46
2479965 86 20 46
2479980 110 21 47
2479994 1405 22 47
2480009 1143 23 48
2480024 781 0 48
2480039 385 1 49
2480053 1421 2 49
2480068 1077 3 50
2480083 817 4 50
2480098 698 5 51
2480113 731 6 51
2480128 956 7 52
2480143 1361 8 52
2480159 522 9 53
2480174 1279 10 53
2480190 745 11 54
2480206 298 12 54
2480221 1349 13 55
2480237 951 14 55
2480253 504 15 56
2480268 1394 16 56
2480284 704 17 57
2480299 1285 18 57
2480315 236 19 58
2480330 441 20 58
2480345 460 21 59
2480360 323 22 59
2480375 53 23 0
2480389 1138 0 0
2480404 734 1 1
2480419 336 2 1
2480433 1423 3 2
2480448 1169 4 2
2480463 1041 5 3
2480478 1081 6 3
2480493 1298 7 4
2480509 271 8 4
2480524 862 9 5
2480540 190 10 5
2480555 1086 11 6
2480571 649 12 6
2480587 252 13 7
2480602 1303 14 7
2480618 849 15 8
2480634 304 16 8
2480649 1050 17 9
2480665 193 18 9
2480680 584 19 10
2480695 788 20 10
2480710 807 21 11
2480725 670 22 11
2480740 400 23 12
2480755 44 0 12
2480769 1080 1 13
2480784 681 2 13
2480799 328 3 14
2480814 73 4 14
2480828 1385 5 15
2480843 1424 6 15
2480859 203 7 16
2480874 614 8 16
2480889 1211 9 17
2480905 535 10 17
2480920 1438 11 18
2480936 994 12 18
2480952 606 13 19
2480968 207 14 19
2480983 1203 15 20
2480999 648 16 20
2481014 1403 17 21
2481030 537 18 21
2481045 935 19 22
2481060 1132 20 22
2481075 1159 21 23
2481090 1016 22 23
2481105 754 23 24
2481120 393 0 24
2481134 1436 1 25
2481149 1032 2 25
2481164 686 3 26
2481179 424 4 26
2481194 303 5 27
2481209 334 6 27
2481224 557 7 28
2481239 962 8 28
2481255 120 9 29
2481270 879 10 29
2481286 341 11 30
2481301 1337 12 30
2481317 944 13 31
2481333 548 14 31
2481349 97 15 32
2481364 989 16 32
2481380 295 17 33
2481395 878 18 33
2481410 1267 19 34
2481426 35 20 34
2481441 53 21 35
2481455 1361 22 35
2481470 1092 23 36
2481485 743 0 36
2481500 339 1 37
2481514 1386 2 37
2481529 1032 3 38
2481544 781 4 38
2481559 650 5 39
2481574 691 6 39
2481589 903 7 40
2481604 1316 8 40
2481620 463 9 41
2481635 1229 10 41
2481651 682 11 42
2481667 243 12 42
2481682 1285 13 43
2481698 893 14 43
2481714 442 15 44
2481729 1334 16 44
2481745 643 17 45
2481760 1223 18 45
2481776 178 19 46
2481791 380 20 46
2481806 404 21 47
2481821 266 22 47
2481836 2 23 48
2481850 1085 0 48
2481865 686 1 49
2481880 287 2 49
2481894 1379 3 50
2481909 1120 4 50
2481924 996 5 51
2481939 1031 6 51
2481954 1250 7 52
2481970 216 8 52
2481985 812 9 53
2482001 129 10 53
2482016 1032 11 54
2482032 584 12 54
2482048 196 13 55
2482063 1236 14 55
2482079 793 15 56
2482095 239 16 56
2482110 995 17 57
2482126 132 18 57
2482141 530 19 58
2482156 731 20 58
2482171 756 21 59
2482186 616 22 59
2482201 352 23 0
2482215 1434 0 0
2482230 1035 1 1
2482245 634 2 1
2482260 287 3 2
2482275 28 4 2
2482289 1345 5 3
2482304 1380 6 3
2482320 161 7 4
2482335 568 8 4
2482350 1163 9 5
2482366 485 10 5
2482381 1383 11 6
2482397 941 12 6
2482413 544 13 7
2482429 151 14 7
2482444 1137 15 8
2482460 591 16 8
2482475 1335 17 9
2482491 479 18 9
2482506 867 19 10
2482521 1076 20 10
2482536 1094 21 11
2482551 962 22 11
2482566 691 23 12
2482581 342 0 12
2482595 1377 1 13
2482610 984 2 13
2482625 630 3 14
2482640 380 4 14
2482655 251 5 15
2482670 294 6 15
2482685 509 7 16
2482700 923 8 16
2482716 73 9 17
2482731 839 10 17
2482747 295 11 18
2482762 1293 12 18
2482778 897 13 19
2482794 500 14 19
2482810 50 15 20
2482825 937 16 20
2482841 248 17 21
2482856 824 18 21
2482871 1221 19 22
2482886 1420 20 22
2482902 8 21 23
2482916 1307 22 23
2482931 1047 23 24
2482946 689 0 24
2482961 294 1 25
2482975 1332 2 25
2482990 987 3 26
2483005 726 4 26
2483020 604 5 27
2483035 636 6 27
2483050 858 7 28
2483065 1261 8 28
2483081 419 9 29
2483096 1175 10 29
2483112 639 11 30
2483128 190 12 30
2483143 1240 13 31
2483159 840 14 31
2483175 394 15 32
2483190 1281 16 32
2483206 593 17 33
2483221 1173 18 33
2483237 127 19 34
2483252 332 20 34
2483267 356 21 35
2483282 221 22 35
2483296 1396 23 36
2483311 1043 0 36
2483326 643 1 37
2483341 246 2 37
2483355 1335 3 38
2483370 1079 4 38
2483385 952 5 39
2483400 989 6 39
2483415 1205 7 40
2483431 174 8 40
2483446 765 9 41
2483462 89 10 41
2483477 985 11 42
2483493 546 12 42
2483509 148 13 43
2483524 1199 14 43
2483540 745 15 44
2483556 200 16 44
2483571 945 17 45
2483587 89 18 45
2483602 478 19 46
2483617 685 20 46
2483632 704 21 47
2483647 569 22 47
2483662 301 23 48
2483676 1389 0 48
2483691 986 1 49
2483706 591 2 49
2483721 238 3 50
2483735 1426 4 50
2483750 1297 5 51
2483765 1337 6 51
2483781 113 7 52
2483796 525 8 52
2483811 1117 9 53
2483827 441 10 53
2483842 1340 11 54
2483858 897 12 54
2483874 506 13 55
2483890 109 14 55
2483905 1104 15 56
2483921 550 16 56
2483936 1304 17 57
2483952 439 18 57
2483967 837 19 58
2483982 1034 20 58
2483997 1061 21 59
2484012 918 22 59
2484027 657 23 0
2484042 297 0 0
2484056 1342 1 1
2484071 939 2 1
2484086 595 3 2
2484101 334 4 2
2484116 215 5 3
2484131 247 6 3
2484146 471 7 4
2484161 874 8 4
2484177 32 9 5
2484192 788 10 5
2484208 251 11 6
2484223 1243 12 6
2484239 851 13 7
2484255 454 14 7
2484271 5 15 8
2484286 896 16 8
2484302 204 17 9
2484317 787 18 9
2484332 1178 19 10
2484347 1386 20 10
2484362 1405 21 11
2484377 1272 22 11
2484392 1003 23 12
2484407 652 0 12
2484422 249 1 13
2484436 1295 2 13
2484451 943 3 14
2484466 690 4 14
2484481 562 5 15
2484496 602 6 15
2484511 817 7 16
2484526 1229 8 16
2484542 377 9 17
2484557 1142 10 17
2484573 595 11 18
2484589 156 12 18
2484604 1197 13 19
2484620 806 14 19
2484636 353 15 20
2484651 1248 16 20
2484667 556 17 21
2484682 1140 18 21
2484698 94 19 22
2484713 300 20 22
2484728 323 21 23
2484743 186 22 23
2484757 1360 23 24
2484772 1004 0 24
2484787 602 1 25
2484802 202 2 25
2484816 1291 3 26
2484831 1033 4 26
2484846 907 5 27
2484861 942 6 27
2484876 1160 7 28
2484892 128 8 28
2484907 723 9 29
2484923 43 10 29
2484938 946 11 30
2484954 499 12 30
2484970 111 13 31
2484985 1152 14 31
2485001 710 15 32
2485017 157 16 32
2485032 914 17 33
2485048 51 18 33
2485063 452 19 34
2485078 653 20 34
2485093 681 21 35
2485108 541 22 35
2485123 279 23 36
2485137 1359 0 36
2485152 961 1 37
2485167 557 2 37
2485182 209 3 38
2485196 1386 4 38
2485211 1263 5 39
2485226 1294 6 39
2485242 75 7 40
2485257 480 8 40
2485272 1077 9 41
2485288 397 10 41
2485303 1298 11 42
2485319 855 12 42
2485335 461 13 43
2485351 68 14 43
2485366 1056 15 44
2485382 511 16 44
2485397 1257 17 45
2485413 402 18 45
2485428 792 19 46
2485443 1002 20 46
2485458 1021 21 47
2485473 891 22 47
2485488 621 23 48
2485503 272 0 48
2485517 1307 1 49
2485532 914 2 49
2485547 559 3 50
2485562 307 4 50
2485577 175 5 51
2485592 215 6 51
2485607 427 7 52
2485622 839 8 52
2485637 1427 9 53
2485653 753 10 53
2485669 207 11 54
2485684 1208 12 54
2485700 811 13 55
2485716 418 14 55
2485731 1408 15 56
2485747 859 16 56
2485763 170 17 57
2485778 749 18 57
2485793 1146 19 58
2485808 1349 20 58
2485823 1376 21 59
2485838 1238 22 59
2485853 978 23 0
2485868 621 0 0
2485883 225 1 1
2485897 1264 2 1
2485912 917 3 2
2485927 656 4 2
2485942 532 5 3
2485957 562 6 3
2485972 780 7 4
2485987 1181 8 4
2486003 336 9 5
2486018 1090 10 5
2486034 552 11 6
2486050 103 12 6
2486065 1154 13 7
2486081 755 14 7
2486097 312 15 8
2486112 1201 16 8
2486128 516 17 9
2486143 1097 18 9
2486159 56 19 10
2486174 261 20 10
2486189 287 21 11
2486204 151 22 11
2486218 1329 23 12
2486233 974 0 12
2486248 575 1 13
2486263 176 2 13
2486277 1267 3 14
2486292 1008 4 14
2486307 882 5 15
2486322 915 6 15
2486337 1131 7 16
2486353 96 8 16
2486368 686 9 17
2486384 6 10 17
2486399 901 11 18
2486415 459 12 18
2486431 61 13 19
2486446 1111 14 19
2486462 659 15 20
2486478 117 16 20
2486493 864 17 21
2486509 12 18 21
2486524 403 19 22
2486539 613 20 22
2486554 633 21 23
2486569 501 22 23
2486584 232 23 24
2486598 1321 0 24
2486613 916 1 25
2486628 522 2 25
2486643 167 3 26
2486657 1354 4 26
2486672 1224 5 27
2486687 1263 6 27
2486703 36 7 28
2486718 447 8 28
2486733 1036 9 29
2486749 359 10 29
2486764 1255 11 30
2486780 811 12 30
2486796 417 13 31
2486812 20 14 31
2486827 1014 15 32
2486843 462 16 32
2486858 1217 17 33
2486874 355 18 33
2486889 756 19 34
2486904 957 20 34
2486919 986 21 35
2486934 846 22 35
2486949 586 23 36
2486964 227 0 36
2486978 1271 1 37
2486993 868 2 37
2487008 522 3 38
2487023 260 4 38
2487038 139 5 39
2487053 169 6 39
2487068 391 7 40
2487083 792 8 40
2487098 1389 9 41
2487114 702 10 41
2487130 164 11 42
2487145 1154 12 42
2487161 762 13 43
2487177 361 14 43
2487192 1353 15 44
2487208 803 16 44
2487224 113 17 45
2487239 696 18 45
2487254 1091 19 46
2487269 1300 20 46
2487284 1324 21 47
2487299 1193 22 47
2487314 928 23 48
2487329 578 0 48
2487344 177 1 49
2487358 1221 2 49
2487373 869 3 50
2487388 614 4 50
2487403 484 5 51
2487418 521 6 51
2487433 734 7 52
2487448 1142 8 52
2487464 289 9 53
2487479 1052 10 53
2487495 504 11 54
2487511 63 12 54
2487526 1103 13 55
2487542 711 14 55
2487558 257 15 56
2487573 1152 16 56
2487589 459 17 57
2487604 1045 18 57
2487619 1438 19 58
2487635 207 20 58
2487650 231 21 59
2487665 99 22 59
2487679 1273 23 0
2487694 921 0 0
2487709 520 1 1
2487724 123 2 1
2487738 1210 3 2
2487753 953 4 2
2487768 823 5 3
2487783 858 6 3
2487798 1072 7 4
2487814 38 8 4
2487829 630 9 5
2487844 1389 10 5
2487860 848 11 6
2487876 402 12 6
2487892 12 13 7
2487907 1053 14 7
2487923 611 15 8
2487939 58 16 8
2487954 815 17 9
2487969 1392 18 9
2487985 353 19 10
2488000 553 20 10
2488015 583 21 11
2488030 443 22 11
2488045 184 23 12
2488059 1265 0 12
2488074 870 1 13
2488089 466 2 13
2488104 121 3 14
2488118 1298 4 14
2488133 1175 5 15
2488148 1204 6 15
2488163 1424 7 16
2488179 386 8 16
2488194 981 9 17
2488210 298 10 17
2488225 1199 11 18
2488241 753 12 18
2488257 360 13 19
2488272 1404 14 19
2488288 955 15 20
2488304 408 16 20
2488319 1156 17 21
2488335 301 18 21
2488350 692 19 22
2488365 901 20 22
2488380 921 21 23
2488395 790 22 23
2488410 521 23 24
2488425 171 0 24
