2415071
2414696 61200 1899 1 0 0 991 15 1275
2414726 61200 1899 2 0 0 172 15 797
2414755 61200 1899 3 0 0 800 16 141
2414785 61200 1899 4 0 0 38 15 768
2414814 61200 1899 5 0 0 800 15 1280
2414844 61200 1899 6 0 0 211 15 281
2414873 61200 1899 7 0 0 1127 15 705
2414903 61200 1899 8 0 0 632 14 1171
2414933 61200 1899 9 0 0 133 14 304
2414962 61200 1899 10 0 0 1046 14 1038
2414992 61200 1899 11 0 0 467 14 511
2415021 61200 1899 12 0 0 1251 15 127
2415051 61200 1900 1 0 0 502 14 1250
2415080 61200 1900 2 0 0 1105 15 911
2415110 61200 1900 3 0 0 210 15 482
2415139 61200 1900 4 0 0 743 15 1356
2415168 61200 1900 5 0 0 1309 16 638
2415198 61200 1900 6 0 0 507 15 1221
2415227 61200 1900 7 0 0 1242 16 269
2415257 61200 1900 8 0 0 652 15 726
2415287 61200 1900 8 1 0 176 14 1218
2415316 61200 1900 9 0 0 1227 15 359
2415346 61200 1900 10 0 0 857 14 1058
2415376 61200 1900 11 0 0 421 14 433
2415405 61200 1900 12 0 0 1295 14 1349
2415435 61200 1901 1 0 0 585 14 904
2415464 61200 1901 2 0 0 1192 15 500
2415494 61200 1901 3 0 0 277 15 78
2415523 61200 1901 4 0 0 757 15 1012
2415552 61200 1901 5 0 0 1232 16 377
2415582 61200 1901 6 0 0 310 15 1053
2415611 61200 1901 7 0 0 927 16 200
2415641 61200 1901 8 0 0 258 15 755
2415670 61200 1901 9 0 0 1211 15 1326
2415700 61200 1901 10 0 0 874 15 497
2415730 61200 1901 11 0 0 593 14 1155
2415760 61200 1901 12 0 0 254 14 426
2415789 61200 1902 1 0 0 1221 14 1203
2415819 61200 1902 2 0 0 590 14 621
2415848 61200 1902 3 0 0 1249 15 109
2415878 61200 1902 4 0 0 345 14 1065
2415907 61200 1902 5 0 0 790 15 556
2415936 61200 1902 6 0 0 1199 15 1425
2415966 61200 1902 7 0 0 197 15 783
2415995 61200 1902 8 0 0 739 16 83
2416025 61200 1902 9 0 0 9 15 781
2416054 61200 1902 10 0 0 913 16 6
2416084 61200 1902 11 0 0 544 15 647
2416114 61200 1902 12 0 0 264 14 1277
2416144 61200 1903 1 0 -1 1418 15 477
2416173 61200 1903 2 0 0 1039 14 1152
2416203 61200 1903 3 0 0 506 14 438
2416232 61200 1903 4 0 0 1231 14 1217
2416262 61200 1903 5 0 0 349 14 607
2416291 61200 1903 5 1 0 790 15 43
2416320 61200 1903 6 0 0 1186 15 954
2416350 61200 1903 7 0 0 170 15 439
2416379 61200 1903 8 0 0 690 15 1343
2416408 61200 1903 9 0 0 1350 16 747
2416438 61200 1903 10 0 0 730 16 72
2416468 61200 1903 11 0 0 265 15 767
2416497 61200 1903 12 0 0 1366 15 1413
2416527 61200 1904 1 0 0 1084 15 588
2416557 61200 1904 2 0 0 759 14 1184
2416587 61200 1904 3 0 0 292 14 336
2416616 61200 1904 4 0 0 1077 14 954
2416646 61200 1904 5 0 0 250 14 203
2416675 61200 1904 6 0 0 747 14 1001
2416704 61200 1904 7 0 0 1198 15 481
2416734 61200 1904 8 0 0 222 15 49
2416763 61200 1904 9 0 0 744 15 1075
2416792 61200 1904 10 0 0 1356 16 612
2416822 61200 1904 11 0 0 646 16 60
2416852 61200 1904 12 0 0 77 15 853
2416881 61200 1905 1 0 0 1085 16 111
2416911 61200 1905 2 0 0 739 15 715
2416941 61200 1905 3 0 0 383 14 1237
2416970 61200 1905 4 0 0 1369 15 276
2417000 61200 1905 5 0 0 776 14 771
2417030 61200 1905 6 0 0 49 13 1351
2417059 61200 1905 7 0 0 662 14 631
2417088 61200 1905 8 0 0 1213 15 69
2417118 61200 1905 9 0 0 299 14 1082
2417147 61200 1905 10 0 0 837 15 731
2417177 61200 1905 11 0 -1 1426 16 385
2417206 61200 1905 12 0 0 663 15 1416
2417236 61200 1906 1 0 0 9 15 885
2417265 61200 1906 2 0 0 897 16 197
2417295 61200 1906 3 0 0 411 15 792
2417325 61200 1906 4 0 -1 1386 15 1269
2417354 61200 1906 4 1 0 900 15 251
2417384 61200 1906 5 0 0 365 14 687
2417413 61200 1906 6 0 0 1198 14 1199
2417443 61200 1906 7 0 0 507 14 396
2417472 61200 1906 8 0 0 1173 14 1188
2417502 61200 1906 9 0 0 342 14 705
2417531 61200 1906 10 0 0 936 15 367
2417561 61200 1906 11 0 0 114 15 103
2417590 61200 1906 12 0 0 776 15 1244
2417620 61200 1907 1 0 0 42 15 802
2417649 61200 1907 2 0 0 784 16 164
2417679 61200 1907 3 0 0 125 15 784
2417708 61200 1907 4 0 0 959 15 1277
2417738 61200 1907 5 0 0 409 15 266
2417767 61200 1907 6 0 0 1336 15 689
2417797 61200 1907 7 0 0 816 14 1155
2417827 61200 1907 8 0 0 243 14 273
2417856 61200 1907 9 0 0 1040 14 976
2417886 61200 1907 10 0 0 338 14 424
2417915 61200 1907 11 0 0 1042 15 54
2417945 61200 1907 12 0 0 283 14 1236
2417974 61200 1908 1 0 0 936 15 965
2418004 61200 1908 2 0 0 116 15 568
2418033 61200 1908 3 0 0 722 15 1435
2418062 61200 1908 4 0 0 1353 16 692
2418092 61200 1908 5 0 0 614 15 1255
2418122 61200 1908 6 0 -1 1411 16 287
2418151 61200 1908 7 0 0 856 15 718
2418181 61200 1908 8 0 0 358 14 1163
2418210 61200 1908 9 0 0 1319 15 243
2418240 61200 1908 10 0 0 826 14 897
2418270 61200 1908 11 0 0 292 14 283
2418299 61200 1908 12 0 0 1129 14 1272
2418329 61200 1909 1 0 0 431 14 924
2418358 61200 1909 2 0 0 1071 15 595
2418388 61200 1909 2 1 0 191 15 208
2418417 61200 1909 3 0 0 711 15 1147
2418446 61200 1909 4 0 0 1241 16 504
2418476 61200 1909 5 0 0 388 15 1157
2418505 61200 1909 6 0 0 1064 16 253
2418535 61200 1909 7 0 0 414 15 727
2418564 61200 1909 8 0 0 1328 15 1205
2418594 61200 1909 9 0 0 913 15 306
2418624 61200 1909 10 0 0 558 14 951
2418654 61200 1909 11 0 0 178 14 269
2418683 61200 1909 12 0 0 1130 14 1130
2418713 61200 1910 1 0 0 492 14 635
2418742 61200 1910 2 0 0 1152 15 200
2418772 61200 1910 3 0 0 264 14 1222
2418801 61200 1910 4 0 0 752 15 758
2418830 61200 1910 5 0 0 1216 16 191
2418860 61200 1910 6 0 0 259 15 936
2418889 61200 1910 7 0 0 816 16 133
2418919 61200 1910 8 0 0 65 15 712
2418948 61200 1910 9 0 0 931 15 1284
2418978 61200 1910 10 0 0 535 15 444
2419008 61200 1910 11 0 0 250 14 1084
2419038 61200 1910 12 0 -1 1400 15 325
2419067 61200 1911 1 0 0 1004 14 1057
2419097 61200 1911 2 0 0 450 14 418
2419126 61200 1911 3 0 0 1177 14 1296
2419156 61200 1911 4 0 0 324 14 789
2419185 61200 1911 5 0 0 803 15 290
2419214 61200 1911 6 0 0 1219 15 1193
2419244 61200 1911 6 1 0 191 15 594
2419273 61200 1911 7 0 0 674 15 1376
2419302 61200 1911 8 0 0 1297 16 670
2419332 61200 1911 9 0 0 669 15 1367
2419362 61200 1911 10 0 0 229 15 591
2419391 61200 1911 11 0 0 1360 15 1229
2419421 61200 1911 12 0 0 1089 15 417
2419451 61200 1912 1 0 0 763 14 1061
2419481 61200 1912 2 0 0 308 14 304
2419510 61200 1912 3 0 0 1119 14 1039
2419540 61200 1912 4 0 0 313 14 389
2419569 61200 1912 5 0 0 803 14 1233
2419598 61200 1912 6 0 0 1212 15 687
2419628 61200 1912 7 0 0 177 15 178
2419657 61200 1912 8 0 0 648 15 1113
2419686 61200 1912 9 0 0 1240 16 570
2419716 61200 1912 10 0 0 544 15 1391
2419746 61200 1912 11 0 0 6 15 689
2419775 61200 1912 12 0 0 1048 15 1359
2419805 61200 1913 1 0 0 741 15 543
2419835 61200 1913 2 0 0 442 14 1135
2419865 61200 1913 3 0 0 47 14 272
2419894 61200 1913 4 0 0 923 14 857
2419924 61200 1913 5 0 0 176 14 53
2419953 61200 1913 6 0 0 725 14 785
2419982 61200 1913 7 0 0 1197 15 206
2420012 61200 1913 8 0 0 217 14 1185
2420041 61200 1913 9 0 0 716 15 786
2420070 61200 1913 10 0 0 1288 16 371
2420100 61200 1913 11 0 0 520 15 1319
2420129 61200 1913 12 0 0 1318 16 728
2420159 61200 1914 1 0 0 813 16 34
2420189 61200 1914 2 0 0 421 15 678
2420219 61200 1914 3 0 0 68 14 1227
2420248 61200 1914 4 0 0 1101 15 270
2420278 61200 1914 5 0 0 574 14 738
2420307 61200 1914 5 1 0 1352 14 1259
2420337 61200 1914 6 0 0 578 14 460
2420366 61200 1914 7 0 0 1166 14 1260
2420396 61200 1914 8 0 0 273 14 778
2420425 61200 1914 9 0 0 813 15 408
2420454 61200 1914 10 0 0 1381 16 80
2420484 61200 1914 11 0 0 574 15 1160
2420513 61200 1914 12 0 0 1301 16 700
2420543 61200 1915 1 0 0 690 16 92
2420573 61200 1915 2 0 0 161 15 757
2420602 61200 1915 3 0 0 1115 15 1279
2420632 61200 1915 4 0 0 630 15 272
2420662 61200 1915 5 0 0 116 14 687
2420691 61200 1915 6 0 0 990 14 1150
2420721 61200 1915 7 0 0 351 14 280
2420750 61200 1915 8 0 0 1072 14 994
2420780 61200 1915 9 0 0 281 14 435
2420809 61200 1915 10 0 0 892 15 36
2420839 61200 1915 11 0 0 63 14 1191
2420868 61200 1915 12 0 0 705 15 928
2420897 61200 1916 1 0 0 1385 16 568
2420927 61200 1916 2 0 0 657 16 26
2420957 61200 1916 3 0 -1 1400 16 727
2420986 61200 1916 4 0 0 748 15 1271
2421016 61200 1916 5 0 0 156 15 281
2421045 61200 1916 6 0 0 1063 15 699
2421075 61200 1916 7 0 0 554 14 1140
2421105 61200 1916 8 0 0 24 14 210
2421134 61200 1916 9 0 0 873 14 840
2421164 61200 1916 10 0 0 216 14 197
2421193 61200 1916 11 0 0 950 14 1183
2421223 61200 1916 12 0 0 210 14 881
2421252 61200 1917 1 0 0 879 15 628
2421282 61200 1917 2 0 0 68 15 297
2421311 61200 1917 2 1 0 664 15 1248
2421340 61200 1917 3 0 0 1260 16 582
2421370 61200 1917 4 0 0 466 15 1206
2421399 61200 1917 5 0 0 1201 16 280
2421429 61200 1917 6 0 0 599 15 730
2421459 61200 1917 7 0 0 80 14 1168
2421488 61200 1917 8 0 0 1047 15 210
2421518 61200 1917 9 0 0 580 14 798
2421548 61200 1917 10 0 0 88 14 101
2421577 61200 1917 11 0 0 977 14 1011
2421607 61200 1917 12 0 0 335 14 613
2421636 61200 1918 1 0 0 1024 15 274
2421666 61200 1918 2 0 0 172 14 1352
2421695 61200 1918 3 0 0 693 15 905
2421724 61200 1918 4 0 0 1200 16 332
2421754 61200 1918 5 0 0 302 15 1057
2421783 61200 1918 6 0 0 921 16 214
2421813 61200 1918 7 0 0 209 15 721
2421842 61200 1918 8 0 0 1063 15 1200
2421872 61200 1918 9 0 0 604 15 274
2421902 61200 1918 10 0 0 241 14 872
2421931 61200 1918 11 0 0 1338 15 137
2421961 61200 1918 12 0 0 923 14 944
2421991 61200 1919 1 0 0 366 14 397
2422020 61200 1919 2 0 0 1091 14 1360
2422050 61200 1919 3 0 0 244 14 924
2422079 61200 1919 4 0 0 750 15 480
2422108 61200 1919 5 0 0 1211 15 1407
2422138 61200 1919 6 0 0 232 15 781
2422167 61200 1919 7 0 0 741 16 39
2422196 61200 1919 7 1 0 1356 16 654
2422226 61200 1919 8 0 0 693 15 1238
2422256 61200 1919 9 0 0 219 15 394
2422285 61200 1919 10 0 0 1339 15 1023
2422315 61200 1919 11 0 0 1074 15 244
2422345 61200 1919 12 0 0 746 14 942
2422375 61200 1920 1 0 0 274 14 252
2422404 61200 1920 2 0 0 1075 14 1074
2422434 61200 1920 3 0 0 282 14 526
2422463 61200 1920 4 0 0 804 15 17
2422492 61200 1920 5 0 0 1240 15 940
2422522 61200 1920 6 0 0 204 15 379
2422551 61200 1920 7 0 0 643 15 1202
2422580 61200 1920 8 0 0 1191 16 536
2422610 61200 1920 9 0 0 470 15 1268
2422639 61200 1920 10 0 0 1384 16 522
2422669 61200 1920 11 0 0 1023 15 1178
2422699 61200 1920 12 0 0 746 15 367
2422729 61200 1921 1 0 0 456 14 991
2422759 61200 1921 2 0 0 68 14 198
2422788 61200 1921 3 0 0 964 14 888
2422818 61200 1921 4 0 0 241 14 195
2422847 61200 1921 5 0 0 794 14 1000
2422876 61200 1921 6 0 0 1235 15 427
2422906 61200 1921 7 0 0 197 14 1347
2422935 61200 1921 8 0 0 632 15 859
2422964 61200 1921 9 0 0 1166 16 359
2422994 61200 1921 10 0 0 398 15 1238
2423023 61200 1921 11 0 0 1225 16 590
2423053 61200 1921 12 0 0 759 15 1296
2423083 61200 1922 1 0 0 407 15 497
2423113 61200 1922 2 0 0 107 14 1093
2423142 61200 1922 3 0 0 1203 15 223
2423172 61200 1922 4 0 0 723 14 785
2423202 61200 1922 5 0 0 63 13 1377
2423231 61200 1922 5 1 0 679 14 606
2423260 61200 1922 6 0 0 1186 14 1398
2423290 61200 1922 7 0 0 213 14 886
2423319 61200 1922 8 0 0 697 15 477
2423348 61200 1922 9 0 0 1239 16 96
2423378 61200 1922 10 0 0 426 15 1103
2423407 61200 1922 11 0 0 1159 16 573
2423437 61200 1922 12 0 0 580 15 1372
2423467 61200 1923 1 0 0 126 15 623
2423496 61200 1923 2 0 0 1191 15 1209
2423526 61200 1923 3 0 0 808 15 270
2423556 61200 1923 4 0 0 338 14 727
2423585 61200 1923 5 0 0 1181 14 1204
2423615 61200 1923 6 0 0 464 14 332
2423644 61200 1923 7 0 0 1096 14 1049
2423674 61200 1923 8 0 0 232 14 495
2423703 61200 1923 9 0 0 785 15 86
2423732 61200 1923 10 0 0 1346 15 1197
2423762 61200 1923 11 0 0 510 15 872
2423791 61200 1923 12 0 0 1187 16 476
2423821 61200 1924 1 0 0 518 15 1387
2423850 61200 1924 2 0 0 1377 16 689
2423880 61200 1924 3 0 0 857 15 1270
2423910 61200 1924 4 0 0 359 15 292
2423939 61200 1924 5 0 0 1293 15 701
2423969 61200 1924 6 0 0 754 14 1128
2423999 61200 1924 7 0 0 161 14 198
2424028 61200 1924 8 0 0 936 14 839
2424058 61200 1924 9 0 0 195 14 201
2424087 61200 1924 10 0 0 836 14 1170
2424117 61200 1924 11 0 0 15 14 843
2424146 61200 1924 12 0 0 645 15 587
2424175 61200 1925 1 0 0 1304 16 288
2424205 61200 1925 2 0 0 551 15 1280
2424234 61200 1925 3 0 0 1262 16 632
2424264 61200 1925 4 0 0 567 15 1242
2424293 61200 1925 4 1 0 1368 16 287
2424323 61200 1925 5 0 0 796 15 713
2424353 61200 1925 6 0 0 279 14 1138
2424382 61200 1925 7 0 0 1214 15 172
2424412 61200 1925 8 0 0 672 14 742
2424442 61200 1925 9 0 0 65 14 16
2424471 61200 1925 10 0 0 837 14 910
2424501 61200 1925 11 0 0 124 14 541
2424530 61200 1925 12 0 0 814 15 275
2424560 61200 1926 1 0 0 20 14 1430
2424589 61200 1926 2 0 0 620 15 1020
2424618 61200 1926 3 0 0 1196 16 436
2424648 61200 1926 4 0 0 355 15 1128
2424677 61200 1926 5 0 0 1028 16 252
2424707 61200 1926 6 0 0 366 15 733
2424736 61200 1926 7 0 0 1248 15 1177
2424766 61200 1926 8 0 0 764 15 198
2424796 61200 1926 9 0 0 313 14 735
2424825 61200 1926 10 0 0 1294 14 1400
2424855 61200 1926 11 0 0 791 14 788
2424885 61200 1926 12 0 0 207 14 326
2424914 61200 1927 1 0 0 954 14 1397
2424944 61200 1927 2 0 0 144 14 1044
2424973 61200 1927 3 0 0 684 15 635
2425002 61200 1927 4 0 0 1179 16 122
2425032 61200 1927 5 0 0 245 15 919
2425061 61200 1927 6 0 0 811 16 142
2425091 61200 1927 7 0 0 36 15 697
2425120 61200 1927 8 0 0 825 15 1193
2425150 61200 1927 9 0 0 310 15 254
2425179 61200 1927 10 0 0 1357 15 815
2425209 61200 1927 11 0 0 1029 15 31
2425239 61200 1927 12 0 0 673 14 787
2425269 61200 1928 1 0 0 198 14 190
2425298 61200 1928 2 0 0 1000 14 1106
2425328 61200 1928 2 1 0 209 14 638
2425357 61200 1928 3 0 0 744 15 191
2425386 61200 1928 4 0 0 1213 15 1153
2425416 61200 1928 5 0 0 221 15 588
2425445 61200 1928 6 0 0 695 15 1350
2425474 61200 1928 7 0 0 1248 16 573
2425504 61200 1928 8 0 0 500 15 1182
2425533 61200 1928 9 0 0 1376 16 343
2425563 61200 1928 10 0 0 995 15 965
2425593 61200 1928 11 0 0 725 15 174
2425623 61200 1928 12 0 0 448 14 848
2425653 61200 1929 1 0 0 55 14 118
2425682 61200 1929 2 0 0 936 14 886
2425712 61200 1929 3 0 0 212 14 287
2425741 61200 1929 4 0 0 787 14 1189
2425770 61200 1929 5 0 0 1256 15 674
2425800 61200 1929 6 0 0 226 15 140
2425829 61200 1929 7 0 0 639 15 1002
2425858 61200 1929 8 0 0 1127 16 375
2425888 61200 1929 9 0 0 319 15 1145
2425917 61200 1929 10 0 0 1140 16 434
2425947 61200 1929 11 0 0 708 15 1118
2425977 61200 1929 12 0 0 401 15 320
2426007 61200 1930 1 0 0 127 14 938
2426036 61200 1930 2 0 0 1232 15 118
2426066 61200 1930 3 0 0 766 14 768
2426096 61200 1930 4 0 0 128 14 29
2426125 61200 1930 5 0 0 756 14 791
2426154 61200 1930 6 0 0 1246 15 180
2426184 61200 1930 6 1 0 221 14 1077
2426213 61200 1930 7 0 0 636 15 587
2426242 61200 1930 8 0 0 1121 16 115
2426272 61200 1930 9 0 0 287 15 1048
2426301 61200 1930 10 0 0 1041 16 459
2426331 61200 1930 11 0 0 503 15 1214
2426361 61200 1930 12 0 0 95 15 445
2426390 61200 1931 1 0 0 1210 15 1055
2426420 61200 1931 2 0 0 890 15 185
2426450 61200 1931 3 0 0 479 14 734
2426479 61200 1931 4 0 0 1347 14 1292
2426509 61200 1931 5 0 0 601 14 466
2426538 61200 1931 6 0 0 1159 14 1187
2426568 61200 1931 7 0 0 206 14 609
2426597 61200 1931 8 0 0 686 15 164
2426626 61200 1931 9 0 0 1205 15 1233
2426656 61200 1931 10 0 0 355 15 849
2426685 61200 1931 11 0 0 1035 16 383
2426715 61200 1931 12 0 0 388 15 1244
2426744 61200 1932 1 0 0 1305 16 547
2426774 61200 1932 2 0 0 884 15 1177
2426804 61200 1932 3 0 0 501 15 266
2426834 61200 1932 4 0 0 71 14 728
2426863 61200 1932 5 0 0 975 14 1177
2426893 61200 1932 6 0 0 319 14 246
2426922 61200 1932 7 0 0 1001 14 881
2426952 61200 1932 8 0 0 174 14 245
2426981 61200 1932 9 0 0 749 14 1217
2427010 61200 1932 10 0 0 1316 15 867
2427040 61200 1932 11 0 0 463 15 560
2427069 61200 1932 12 0 0 1102 16 215
2427099 61200 1933 1 0 0 379 15 1200
2427128 61200 1933 2 0 0 1183 16 585
2427158 61200 1933 3 0 0 620 15 1237
2427188 61200 1933 4 0 0 98 15 304
2427217 61200 1933 5 0 0 1026 15 724
2427247 61200 1933 5 1 0 502 14 1130
2427277 61200 1933 6 0 -1 1383 15 151
2427306 61200 1933 7 0 0 767 14 724
2427336 61200 1933 8 0 0 80 14 7
2427365 61200 1933 9 0 0 764 14 899
2427395 61200 1933 10 0 -1 1403 15 510
2427424 61200 1933 11 0 0 592 15 233
2427453 61200 1933 12 0 0 1237 15 1411
2427483 61200 1934 1 0 0 463 15 1045
2427512 61200 1934 2 0 0 1148 16 494
2427542 61200 1934 3 0 0 416 15 1185
2427571 61200 1934 4 0 0 1170 16 281
2427601 61200 1934 5 0 0 551 15 727
2427631 61200 1934 6 0 0 5 14 1148
2427660 61200 1934 7 0 0 945 15 156
2427690 61200 1934 8 0 0 440 14 678
2427719 61200 1934 9 0 0 1324 14 1321
2427749 61200 1934 10 0 0 703 14 686
2427779 61200 1934 11 0 0 24 14 233
2427808 61200 1934 12 0 0 740 14 1364
2427838 61200 1935 1 0 -1 1407 15 1097
2427867 61200 1935 2 0 0 580 15 751
2427896 61200 1935 3 0 0 1150 16 249
2427926 61200 1935 4 0 0 276 15 1017
2427955 61200 1935 5 0 0 892 16 200
2427985 61200 1935 6 0 0 164 15 720
2428014 61200 1935 7 0 0 992 15 1183
2428044 61200 1935 8 0 0 480 15 198
2428074 61200 1935 9 0 0 29 14 698
2428103 61200 1935 10 0 0 1035 14 1301
2428133 61200 1935 11 0 0 575 14 610
2428163 61200 1935 12 0 0 49 14 74
2428192 61200 1936 1 0 0 858 14 1098
2428222 61200 1936 2 0 0 102 14 733
2428251 61200 1936 3 0 0 673 15 346
2428280 61200 1936 3 1 0 1172 15 1321
2428310 61200 1936 4 0 0 214 15 742
2428339 61200 1936 5 0 0 734 16 34
2428368 61200 1936 6 0 0 1338 16 647
2428398 61200 1936 7 0 0 620 15 1177
2428428 61200 1936 8 0 0 41 15 240
2428457 61200 1936 9 0 0 1040 15 777
2428487 61200 1936 10 0 0 701 14 1391
2428517 61200 1936 11 0 0 384 14 660
2428547 61200 1936 12 0 -1 1426 15 15
2428576 61200 1937 1 0 0 874 14 883
2428606 61200 1937 2 0 0 151 14 372
2428635 61200 1937 3 0 0 729 14 1343
2428664 61200 1937 4 0 0 1217 15 877
2428694 61200 1937 5 0 0 222 15 359
2428723 61200 1937 6 0 0 672 15 1185
2428752 61200 1937 7 0 0 1176 16 466
2428782 61200 1937 8 0 0 353 15 1112
2428811 61200 1937 9 0 0 1137 16 287
2428841 61200 1937 10 0 0 675 15 909
2428871 61200 1937 11 0 0 370 15 112
2428901 61200 1937 12 0 0 118 14 773
2428930 61200 1938 1 0 0 1234 15 14
2428960 61200 1938 2 0 0 759 14 735
2428990 61200 1938 3 0 0 111 14 80
2429019 61200 1938 4 0 0 747 14 938
2429048 61200 1938 5 0 0 1259 15 406
2429078 61200 1938 6 0 0 249 14 1324
2429107 61200 1938 7 0 0 653 15 776
2429136 61200 1938 7 1 0 1097 16 188
2429166 61200 1938 8 0 0 213 15 997
2429195 61200 1938 9 0 0 942 16 323
2429225 61200 1938 10 0 0 424 15 1042
2429255 61200 1938 11 0 0 66 15 269
2429284 61200 1938 12 0 0 1226 15 894
2429314 61200 1939 1 0 0 928 15 60
2429344 61200 1939 2 0 0 529 14 678
2429374 61200 1939 3 0 -1 1415 14 1335
2429403 61200 1939 4 0 0 684 14 610
2429432 61200 1939 5 0 0 1236 14 1395
2429462 61200 1939 6 0 0 242 14 816
2429491 61200 1939 7 0 0 653 15 308
2429520 61200 1939 8 0 0 1102 15 1287
2429550 61200 1939 9 0 0 210 15 821
2429579 61200 1939 10 0 0 894 16 294
2429609 61200 1939 11 0 0 285 15 1108
2429638 61200 1939 12 0 0 1252 16 381
2429668 61200 1940 1 0 0 884 15 1015
2429698 61200 1940 2 0 0 562 15 153
2429728 61200 1940 3 0 0 198 14 696
2429757 61200 1940 4 0 0 1146 14 1232
2429787 61200 1940 5 0 0 484 14 361
2429816 61200 1940 6 0 0 1107 14 1015
2429846 61200 1940 7 0 0 189 14 362
2429875 61200 1940 8 0 0 675 14 1300
2429904 61200 1940 9 0 0 1181 15 914
2429934 61200 1940 10 0 0 302 15 563
2429963 61200 1940 11 0 0 941 16 157
2429993 61200 1940 12 0 0 235 15 1084
2430022 61200 1941 1 0 0 1082 16 446
2430052 61200 1941 2 0 0 601 15 1126
2430082 61200 1941 3 0 0 193 15 254
2430111 61200 1941 4 0 0 1223 15 735
2430141 61200 1941 5 0 0 738 14 1174
2430171 61200 1941 6 0 0 142 14 197
2430200 61200 1941 6 1 0 878 14 758
2430230 61200 1941 7 0 0 93 14 35
2430259 61200 1941 8 0 0 698 14 932
2430288 61200 1941 9 0 0 1279 15 539
2430318 61200 1941 10 0 0 423 15 230
2430347 61200 1941 11 0 0 1038 15 1361
2430377 61200 1941 12 0 0 271 15 972
2430406 61200 1942 1 0 0 1022 16 439
2430436 61200 1942 2 0 0 409 15 1172
2430465 61200 1942 3 0 0 1293 16 299
2430495 61200 1942 4 0 0 765 15 748
2430525 61200 1942 5 0 0 241 14 1149
2430554 61200 1942 6 0 0 1143 15 133
2430584 61200 1942 7 0 0 567 14 646
2430613 61200 1942 8 0 0 1372 14 1294
2430643 61200 1942 9 0 0 666 14 665
2430672 61200 1942 10 0 0 1338 15 204
2430702 61200 1942 11 0 0 539 14 1323
2430731 61200 1942 12 0 0 1177 15 1067
2430761 61200 1943 1 0 0 388 15 764
2430790 61200 1943 2 0 0 1053 16 307
2430820 61200 1943 3 0 0 292 15 1090
2430849 61200 1943 4 0 0 1003 16 252
2430879 61200 1943 5 0 0 333 15 734
2430908 61200 1943 6 0 0 1183 15 1161
2430938 61200 1943 7 0 0 666 15 153
2430968 61200 1943 8 0 0 179 14 639
2430997 61200 1943 9 0 0 1109 14 1222
2431027 61200 1943 10 0 0 539 14 506
2431056 61200 1943 11 0 0 1342 14 1404
2431086 61200 1943 12 0 0 650 14 1029
2431115 61200 1944 1 0 0 1344 15 749
2431145 61200 1944 2 0 0 538 15 447
2431174 61200 1944 3 0 0 1116 16 21
2431204 61200 1944 4 0 0 223 15 868
2431233 61200 1944 4 1 0 792 16 117
2431263 61200 1944 5 0 -1 1439 16 686
2431292 61200 1944 6 0 0 762 15 1179
2431322 61200 1944 7 0 0 204 15 200
2431351 61200 1944 8 0 0 1177 15 681
2431381 61200 1944 9 0 0 754 14 1235
2431411 61200 1944 10 0 0 329 14 471
2431440 61200 1944 11 0 0 1294 14 1298
2431470 61200 1944 12 0 0 726 14 821
2431500 61200 1945 1 0 0 33 14 426
2431529 61200 1945 2 0 0 650 15 44
2431558 61200 1945 3 0 0 1169 15 1052
2431588 61200 1945 4 0 0 201 15 528
2431617 61200 1945 5 0 0 685 15 1327
2431646 61200 1945 6 0 0 1235 16 565
2431676 61200 1945 7 0 0 451 15 1142
2431705 61200 1945 8 0 0 1243 16 225
2431735 61200 1945 9 0 0 742 15 751
2431765 61200 1945 10 0 0 370 14 1332
2431795 61200 1945 11 0 0 66 14 557
2431824 61200 1945 12 0 0 1169 14 1306
2431854 61200 1946 1 0 0 703 14 687
2431884 61200 1946 2 0 0 61 14 130
2431913 61200 1946 3 0 0 697 14 1067
2431942 61200 1946 4 0 0 1215 15 592
2431972 61200 1946 5 0 0 229 15 101
2432001 61200 1946 6 0 0 665 15 982
2432030 61200 1946 7 0 0 1133 16 325
2432060 61200 1946 8 0 0 247 15 1019
2432089 61200 1946 9 0 0 945 16 220
2432119 61200 1946 10 0 0 391 15 850
2432149 61200 1946 11 0 0 23 15 51
2432178 61200 1946 12 0 0 1206 15 706
2432208 61200 1947 1 0 0 934 14 1370
2432238 61200 1947 2 0 0 540 14 615
2432268 61200 1947 2 1 -1 1414 14 1348
2432297 61200 1947 3 0 0 679 14 713
2432326 61200 1947 4 0 0 1243 15 146
2432356 61200 1947 5 0 0 266 14 1058
2432385 61200 1947 6 0 0 675 15 529
2432414 61200 1947 7 0 0 1092 15 1414
2432444 61200 1947 8 0 0 148 15 820
2432473 61200 1947 9 0 0 790 16 186
2432503 61200 1947 10 0 0 180 15 945
2432532 61200 1947 11 0 0 1193 16 206
2432562 61200 1947 12 0 0 884 15 851
2432592 61200 1948 1 0 0 601 15 15
2432622 61200 1948 2 0 0 254 14 610
2432651 61200 1948 3 0 0 1216 14 1228
2432681 61200 1948 4 0 0 570 14 456
2432710 61200 1948 5 0 0 1195 14 1194
2432740 61200 1948 6 0 0 248 14 571
2432769 61200 1948 7 0 0 672 15 31
2432798 61200 1948 8 0 0 1101 15 1002
2432828 61200 1948 9 0 0 161 15 563
2432857 61200 1948 10 0 0 782 16 91
2432887 61200 1948 11 0 0 104 15 970
2432916 61200 1948 12 0 0 1004 16 299
2432946 61200 1949 1 0 0 582 15 968
2432976 61200 1949 2 0 0 234 15 122
2433005 61200 1949 3 0 0 1330 15 668
2433035 61200 1949 4 0 0 902 14 1190
2433065 61200 1949 5 0 0 323 14 285
2433094 61200 1949 6 0 0 1021 14 881
2433124 61200 1949 7 0 0 153 14 153
2433153 61200 1949 7 1 0 659 14 1019
2433182 61200 1949 8 0 0 1160 15 592
2433212 61200 1949 9 0 0 262 15 249
2433241 61200 1949 10 0 0 869 15 1333
2433271 61200 1949 11 0 0 115 15 887
2433300 61200 1949 12 0 0 899 16 316
2433330 61200 1950 1 0 0 352 15 1053
2433359 61200 1950 2 0 0 1340 16 228
2433389 61200 1950 3 0 0 925 15 739
2433419 61200 1950 4 0 0 474 14 1183
2433448 61200 1950 5 0 0 1372 15 178
2433478 61200 1950 6 0 0 725 14 677
2433508 61200 1950 7 0 -1 1428 14 1310
2433537 61200 1950 8 0 0 628 14 681
2433566 61200 1950 9 0 0 1233 15 226
2433596 61200 1950 10 0 0 385 14 1334
2433625 61200 1950 11 0 0 988 15 1042
2433655 61200 1950 12 0 0 189 15 706
2433684 61200 1951 1 0 0 893 16 252
2433714 61200 1951 2 0 0 230 15 1069
2433743 61200 1951 3 0 0 1071 16 269
2433773 61200 1951 4 0 0 515 15 764
2433803 61200 1951 5 0 -1 1420 15 1175
2433832 61200 1951 6 0 0 887 15 137
2433862 61200 1951 7 0 0 339 14 599
2433891 61200 1951 8 0 0 1189 14 1178
2433921 61200 1951 9 0 0 536 14 470
2433950 61200 1951 10 0 0 1254 14 1372
2433980 61200 1951 11 0 0 480 14 990
2434009 61200 1951 12 0 0 1123 15 714
2434039 61200 1952 1 0 0 326 15 448
2434068 61200 1952 2 0 0 975 16 73
2434098 61200 1952 3 0 0 192 15 953
2434127 61200 1952 4 0 0 867 16 195
2434157 61200 1952 5 0 0 147 15 726
2434186 61200 1952 5 1 0 945 15 1173
2434216 61200 1952 6 0 0 390 15 159
2434245 61200 1952 7 0 0 1340 15 619
2434275 61200 1952 8 0 0 861 14 1155
2434305 61200 1952 9 0 0 342 14 369
2434334 61200 1952 10 0 0 1195 14 1181
2434364 61200 1952 11 0 0 542 14 725
2434393 61200 1952 12 0 0 1268 15 404
2434423 61200 1953 1 0 0 490 15 118
2434452 61200 1953 2 0 0 1084 15 1194
2434482 61200 1953 3 0 0 188 15 680
2434511 61200 1953 4 0 0 725 16 2
2434540 61200 1953 5 0 0 1314 16 629
2434570 61200 1953 6 0 0 568 15 1160
2434600 61200 1953 7 0 -1 1389 16 200
2434629 61200 1953 8 0 0 887 15 675
2434659 61200 1953 9 0 0 460 14 1195
2434689 61200 1953 10 0 0 57 14 372
2434718 61200 1953 11 0 0 1067 14 1123
2434748 61200 1953 12 0 0 561 14 576
2434777 61200 1954 1 0 0 1375 15 137
2434807 61200 1954 2 0 0 611 14 1182
2434836 61200 1954 3 0 0 1164 15 768
2434866 61200 1954 4 0 0 202 15 286
2434895 61200 1954 5 0 0 662 15 1145
2434924 61200 1954 6 0 0 1165 16 449
2434954 61200 1954 7 0 0 319 15 1083
2434983 61200 1954 8 0 0 1040 16 199
2435013 61200 1954 9 0 0 470 15 729
2435043 61200 1954 10 0 0 46 14 1289
2435072 61200 1954 11 0 0 1170 15 476
2435102 61200 1954 12 0 0 873 14 1184
2435132 61200 1955 1 0 0 486 14 522
2435161 61200 1955 2 0 0 1374 14 1361
2435191 61200 1955 3 0 0 642 14 814
2435220 61200 1955 3 1 0 1206 15 314
2435250 61200 1955 4 0 0 238 14 1268
2435279 61200 1955 5 0 0 671 15 748
2435308 61200 1955 6 0 0 1114 16 150
2435338 61200 1955 7 0 0 178 15 899
2435367 61200 1955 8 0 0 799 16 137
2435397 61200 1955 9 0 0 152 15 783
2435426 61200 1955 10 0 0 1141 15 1429
2435456 61200 1955 11 0 0 847 15 643
2435486 61200 1955 12 0 0 601 14 1300
2435516 61200 1956 1 0 0 277 14 521
2435545 61200 1956 2 0 0 1236 14 1211
2435575 61200 1956 3 0 0 578 14 520
2435604 61200 1956 4 0 0 1204 14 1345
2435634 61200 1956 5 0 0 269 14 793
2435663 61200 1956 6 0 0 697 15 268
2435692 61200 1956 7 0 0 1104 15 1177
2435722 61200 1956 8 0 0 117 15 619
2435751 61200 1956 9 0 0 684 16 24
2435781 61200 1956 10 0 -1 1423 16 824
2435810 61200 1956 11 0 0 912 16 126
2435840 61200 1956 12 0 0 553 15 801
2435870 61200 1957 1 0 0 264 14 1417
2435900 61200 1957 2 0 -1 1392 15 561
2435929 61200 1957 3 0 0 978 14 1149
2435959 61200 1957 4 0 0 413 14 334
2435988 61200 1957 5 0 0 1119 14 1021
2436018 61200 1957 6 0 0 233 14 349
2436047 61200 1957 7 0 0 688 14 1208
2436076 61200 1957 8 0 0 1112 15 715
2436106 61200 1957 8 1 0 138 15 282
2436135 61200 1957 9 0 0 703 15 1291
2436165 61200 1957 10 0 -1 1399 16 795
2436194 61200 1957 11 0 0 791 16 188
2436224 61200 1957 12 0 0 307 15 905
2436253 61200 1958 1 0 0 1358 16 87
2436283 61200 1958 2 0 0 1009 15 644
2436313 61200 1958 3 0 0 623 14 1163
2436343 61200 1958 4 0 0 120 14 235
2436372 61200 1958 5 0 0 899 14 784
2436402 61200 1958 6 0 0 93 13 1426
2436431 61200 1958 7 0 0 633 14 773
2436460 61200 1958 8 0 0 1142 15 283
2436490 61200 1958 9 0 0 231 14 1360
2436519 61200 1958 10 0 0 813 15 1036
2436549 61200 1958 11 0 0 23 15 654
2436578 61200 1958 12 0 0 753 16 152
2436608 61200 1959 1 0 0 142 15 953
2436637 61200 1959 2 0 0 1071 16 182
2436667 61200 1959 3 0 0 629 15 733
2436697 61200 1959 4 0 0 191 14 1195
2436726 61200 1959 5 0 0 1133 15 179
2436756 61200 1959 6 0 0 540 14 633
2436785 61200 1959 7 0 0 1293 14 1190
2436815 61200 1959 8 0 0 535 14 471
2436844 61200 1959 9 0 0 1170 14 1378
2436874 61200 1959 10 0 0 341 14 1001
2436903 61200 1959 11 0 0 945 15 708
2436933 61200 1959 12 0 0 128 15 410
2436962 47708 1960 1 0 0 795 16 23
2436992 5008 1960 2 0 0 83 15 925
2437021 52638 1960 3 0 0 877 16 207
2437051 17055 1960 4 0 0 284 15 762
2437080 69966 1960 5 0 0 1166 15 1201
2437110 37612 1960 6 0 0 626 15 156
2437140 5444 1960 6 1 0 90 14 580
2437169 58515 1960 7 0 0 975 14 1098
2437199 22349 1960 8 0 0 372 14 316
2437228 68536 1960 9 0 0 1142 14 1137
2437258 24372 1960 10 0 0 406 14 684
2437287 63998 1960 11 0 0 1066 15 365
2437317 16196 1960 12 0 0 269 15 106
2437346 54620 1961 1 0 0 910 15 1234
2437376 6636 1961 2 0 0 110 15 767
2437405 45446 1961 3 0 0 757 16 100
2437434 86048 1961 4 0 0 1434 16 697
2437464 44170 1961 5 0 0 736 15 1177
2437494 7861 1961 6 0 0 131 15 170
2437523 63344 1961 7 0 0 1055 15 613
2437553 35371 1961 8 0 0 589 14 1113
2437583 6748 1961 9 0 0 112 14 270
2437612 61104 1961 10 0 0 1018 14 1003
2437642 24700 1961 11 0 0 411 14 461
2437671 70516 1961 12 0 0 1175 15 76
2437701 25794 1962 1 0 0 429 14 1217
2437730 63051 1962 2 0 0 1050 15 895
2437760 9884 1962 3 0 0 164 15 453
2437789 41075 1962 4 0 0 684 15 1291
2437818 73603 1962 5 0 0 1226 16 542
2437848 24730 1962 6 0 0 412 15 1120
2437877 69820 1962 7 0 0 1163 16 189
2437907 36533 1962 8 0 0 608 15 671
2437937 9560 1962 9 0 0 159 14 1172
2437966 72286 1962 10 0 0 1204 15 303
2437996 48569 1962 11 0 0 809 14 987
2438026 21522 1962 12 0 0 358 14 368
2438055 74513 1963 1 0 0 1241 14 1311
2438085 32739 1963 2 0 0 545 14 888
2438114 68978 1963 3 0 0 1149 15 476
2438144 12520 1963 4 0 0 208 15 23
2438173 39587 1963 4 1 0 659 15 930
2438202 67543 1963 5 0 0 1125 16 295
2438232 13362 1963 6 0 0 222 15 990
2438261 52470 1963 7 0 0 874 16 153
2438291 13843 1963 8 0 0 230 15 703
2438320 70960 1963 9 0 0 1182 15 1255
2438350 49817 1963 10 0 0 830 15 414
2438380 32775 1963 11 0 0 546 14 1083
2438410 13408 1963 12 0 0 223 14 382
2438439 72069 1964 1 0 0 1201 14 1179
2438469 33226 1964 2 0 0 553 14 588
2438498 70643 1964 3 0 0 1177 15 49
2438528 14497 1964 4 0 0 241 14 988
2438557 40937 1964 5 0 0 682 15 487
2438586 66647 1964 6 0 0 1110 15 1377
2438616 8202 1964 7 0 0 136 15 744
2438645 41637 1964 8 0 0 693 16 30
2438674 83979 1964 9 0 0 1399 16 705
2438704 51378 1964 10 0 0 856 15 1362
2438734 29891 1964 11 0 0 498 15 581
2438764 14811 1964 12 0 0 246 14 1237
2438793 84932 1965 1 0 0 1415 15 446
2438823 60945 1965 2 0 0 1015 14 1103
2438853 26431 1965 3 0 0 440 14 362
2438882 68140 1965 4 0 0 1135 14 1131
2438912 15151 1965 5 0 0 252 14 539
2438941 42741 1965 6 0 0 712 15 1
2438970 67491 1965 7 0 0 1124 15 922
2439000 6625 1965 8 0 0 110 15 391
2439029 37057 1965 9 0 0 617 15 1273
2439058 76271 1965 10 0 0 1271 16 675
2439088 40191 1965 11 0 0 669 16 21
2439118 31224 1965 12 0 0 242 15 736
2439147 81969 1966 1 0 0 1366 15 1377
2439177 64139 1966 2 0 0 1068 15 525
2439207 72689 1966 3 0 0 706 14 1093
2439237 12897 1966 3 1 0 214 14 240
2439266 60134 1966 4 0 0 1002 14 880
2439296 11328 1966 5 0 0 188 14 156
2439325 41409 1966 6 0 0 690 14 965
2439354 67664 1966 7 0 0 1127 15 433
2439384 7994 1966 8 0 0 133 14 1427
2439413 39095 1966 9 0 0 651 15 1020
2439442 77179 1966 10 0 0 1286 16 580
2439472 36795 1966 11 0 0 613 16 43
2439502 3953 1966 12 0 0 65 15 820
2439531 63829 1967 1 0 0 1063 16 43
2439561 41382 1967 2 0 0 689 15 620
2439591 19206 1967 3 0 0 320 14 1143
2439620 78918 1967 4 0 0 1315 15 202
2439650 44007 1967 5 0 0 733 14 716
2439680 4 1967 6 0 0 0 13 1299
2439709 35301 1967 7 0 0 588 14 566
2439738 67017 1967 8 0 0 1116 14 1439
2439768 12225 1967 9 0 0 203 14 1030
2439797 46099 1967 10 0 0 768 15 712
2439826 83380 1967 11 0 0 1389 16 381
2439856 38304 1967 12 0 0 638 15 1391
2439885 84550 1968 1 0 0 1409 16 822
2439915 50130 1968 2 0 0 835 16 112
2439945 20879 1968 3 0 0 347 15 711
2439974 80457 1968 4 0 0 1340 15 1204
2440004 52181 1968 5 0 0 869 15 193
2440034 19466 1968 6 0 0 324 14 617
2440063 67764 1968 7 0 0 1129 14 1112
2440093 24992 1968 7 1 0 416 14 307
2440122 65286 1968 8 0 0 1088 14 1126
2440152 17053 1968 9 0 0 284 14 684
2440181 54092 1968 10 0 0 901 15 367
2440211 4714 1968 11 0 0 78 15 87
2440240 43118 1968 12 0 0 718 15 1195
2440269 84302 1969 1 0 0 1405 16 737
2440299 42680 1969 2 0 0 711 16 104
2440329 4543 1969 3 0 0 75 15 733
2440358 55554 1969 4 0 0 925 15 1218
2440388 22113 1969 5 0 0 368 15 183
2440417 76280 1969 6 0 0 1271 15 585
2440447 44186 1969 7 0 0 736 14 1052
2440477 10547 1969 8 0 0 175 14 200
2440506 59950 1969 9 0 0 999 14 944
2440536 18683 1969 10 0 0 311 14 413
2440565 60117 1969 11 0 0 1001 15 34
2440595 12928 1969 12 0 0 215 14 1195
2440624 51170 1970 1 0 0 852 15 918
2440654 2547 1970 2 0 0 42 15 532
2440683 40161 1970 3 0 0 669 15 1401
2440712 78654 1970 4 0 0 1310 16 637
2440742 33673 1970 5 0 0 561 15 1167
2440771 80268 1970 6 0 0 1337 16 178
2440801 46687 1970 7 0 0 778 15 615
2440831 18073 1970 8 0 0 301 14 1089
2440860 77490 1970 9 0 0 1291 15 201
2440890 48474 1970 10 0 0 807 14 867
2440920 15249 1970 11 0 0 254 14 243
2440949 63760 1970 12 0 0 1062 14 1220
2440979 21307 1971 1 0 0 355 14 881
2441008 60513 1971 2 0 0 1008 15 573
2441038 8608 1971 3 0 0 143 15 189
2441067 39700 1971 4 0 0 661 15 1103
2441096 70307 1971 5 0 0 1171 16 423
2441126 17839 1971 5 1 0 297 15 1056
2441155 58498 1971 6 0 0 974 16 162
2441185 21200 1971 7 0 0 353 15 662
2441214 78133 1971 8 0 0 1302 15 1159
2441244 53935 1971 9 0 0 898 15 259
2441274 31547 1971 10 0 0 525 14 888
2441304 7366 1971 11 0 0 122 14 199
2441333 64343 1971 12 0 0 1072 14 1078
2441363 26926 1972 1 0 0 448 14 611
2441392 66881 1972 2 0 0 1114 15 185
2441422 12652 1972 3 0 0 210 14 1184
2441451 40080 1972 4 0 0 668 15 687
2441480 66596 1972 5 0 0 1109 16 106
2441510 9526 1972 6 0 0 158 15 863
2441539 44749 1972 7 0 0 745 16 81
2441569 1706 1972 8 0 0 28 15 666
2441598 54476 1972 9 0 0 907 15 1225
2441628 30077 1972 10 0 0 501 15 366
2441658 12243 1972 11 0 0 204 14 1005
2441687 81749 1972 12 0 0 1362 15 268
2441717 58969 1973 1 0 0 982 14 1026
2441747 25645 1973 2 0 0 427 14 393
2441776 67503 1973 3 0 0 1125 14 1250
2441806 14093 1973 4 0 0 234 14 718
2441835 41655 1973 5 0 0 694 15 214
2441864 67125 1973 6 0 0 1118 15 1135
2441894 7127 1973 7 0 0 118 15 556
2441923 37518 1973 8 0 0 625 15 1336
2441952 75230 1973 9 0 0 1253 16 608
2441982 36990 1973 10 0 0 616 15 1286
2442012 10506 1973 11 0 0 175 15 514
2442041 79621 1973 12 0 0 1327 15 1176
2442071 64913 1974 1 0 0 1081 15 384
2442101 45224 1974 2 0 0 753 14 1022
2442131 15837 1974 3 0 0 263 14 240
2442160 63363 1974 4 0 0 1036 14 954
2442190 12856 1974 4 1 0 214 14 309
2442219 42939 1974 5 0 0 715 14 1180
2442248 68790 1974 6 0 0 1146 15 657
2442278 7294 1974 7 0 0 121 15 144
2442307 35114 1974 8 0 0 585 15 1057
2442336 69887 1974 9 0 0 1164 16 498
2442366 28393 1974 10 0 0 473 15 1330
2442395 84285 1974 11 0 0 1404 16 650
2442425 62376 1974 12 0 0 1039 15 1329
2442455 44211 1975 1 0 0 736 15 494
2442485 24446 1975 2 0 0 407 14 1056
2442514 85139 1975 3 0 0 1418 15 174
2442544 50693 1975 4 0 0 844 14 770
2442574 6546 1975 5 0 0 109 13 1434
2442603 40207 1975 6 0 0 670 14 748
2442632 68242 1975 7 0 0 1137 15 167
2442662 8321 1975 8 0 0 138 14 1130
2442691 37397 1975 9 0 0 623 15 725
2442720 72286 1975 10 0 0 1204 16 328
2442750 28202 1975 11 0 0 470 15 1299
2442779 78002 1975 12 0 0 1300 16 706
2442809 48010 1976 1 0 0 800 15 1423
2442839 23086 1976 2 0 0 384 15 592
2442869 476 1976 3 0 0 7 14 1128
2442898 62369 1976 4 0 0 1039 15 184
2442928 31606 1976 5 0 0 526 14 674
2442957 78597 1976 6 0 0 1309 14 1208
2442987 31123 1976 7 0 0 518 14 403
2443016 64834 1976 8 0 0 1080 14 1192
2443046 10492 1976 8 1 0 174 14 715
2443075 43778 1976 9 0 0 729 15 374
2443104 79837 1976 10 0 0 1330 16 74
2443134 32866 1976 11 0 0 547 15 1150
2443163 76265 1976 12 0 0 1271 16 656
2443193 38212 1977 1 0 0 636 16 13
2443223 5558 1977 2 0 0 92 15 668
2443252 63326 1977 3 0 0 1055 15 1203
2443282 35482 1977 4 0 0 591 15 210
2443312 4962 1977 5 0 0 82 14 624
2443341 56189 1977 6 0 0 936 14 1072
2443371 16260 1977 7 0 0 271 14 190
2443400 58966 1977 8 0 0 982 14 917
2443430 12641 1977 9 0 0 210 14 395
2443459 50962 1977 10 0 0 849 15 31
2443489 1963 1977 11 0 0 32 14 1189
2443518 39583 1977 12 0 0 659 15 895
2443547 78840 1978 1 0 0 1314 16 506
2443577 34573 1978 2 0 0 576 15 1399
2443606 80109 1978 3 0 0 1335 16 670
2443636 42402 1978 4 0 0 706 15 1216
2443666 7287 1978 5 0 0 121 15 210
2443695 60619 1978 6 0 0 1010 15 604
2443725 28843 1978 7 0 0 480 14 1033
2443754 83334 1978 8 0 0 1388 15 121
2443784 49238 1978 9 0 0 820 14 789
2443814 11191 1978 10 0 0 186 14 180
2443843 55166 1978 11 0 0 919 14 1170
2443873 9354 1978 12 0 0 155 14 848
2443902 47972 1979 1 0 0 799 15 579
2443931 85513 1979 2 0 0 1425 16 254
2443961 35969 1979 3 0 0 599 15 1215
2443990 72884 1979 4 0 0 1214 16 540
2444020 25223 1979 5 0 0 420 15 1135
2444049 68270 1979 6 0 0 1137 16 179
2444079 31237 1979 6 1 0 520 15 621
2444109 626 1979 7 0 0 10 14 1078
2444138 60395 1979 8 0 0 1006 15 155
2444168 33782 1979 9 0 0 563 14 767
2444198 3817 1979 10 0 0 63 14 67
2444227 55402 1979 11 0 0 923 14 962
2444257 15563 1979 12 0 0 259 14 561
2444286 57052 1980 1 0 0 950 15 239
2444316 6952 1980 2 0 0 115 14 1333
2444345 38774 1980 3 0 0 646 15 875
2444374 68411 1980 4 0 0 1140 16 267
2444404 13098 1980 5 0 0 218 15 962
2444433 49539 1980 6 0 0 825 16 113
2444463 7758 1980 7 0 0 129 15 642
2444492 61211 1980 8 0 0 1020 15 1147
2444522 35377 1980 9 0 0 589 15 231
2444552 13351 1980 10 0 0 222 14 818
2444581 77702 1980 11 0 0 1295 15 68
2444611 51840 1980 12 0 0 864 14 878
2444641 18825 1981 1 0 0 313 14 358
2444670 63058 1981 2 0 0 1050 14 1342
2444700 11966 1981 3 0 0 199 14 898
2444729 40749 1981 4 0 0 679 15 423
2444758 66701 1981 5 0 0 1111 15 1324
2444788 7386 1981 6 0 0 123 15 698
2444817 39117 1981 7 0 0 651 15 1416
2444846 78205 1981 8 0 0 1303 16 608
2444876 40032 1981 9 0 0 667 15 1189
2444906 11596 1981 10 0 0 193 15 326
2444935 77900 1981 11 0 0 1298 15 941
2444965 61800 1981 12 0 0 1030 15 172
2444995 42956 1982 1 0 0 715 14 897
2445025 15186 1982 2 0 0 253 14 225
2445054 62248 1982 3 0 0 1037 14 1038
2445084 12520 1982 4 0 0 208 14 464
2445113 42018 1982 4 1 0 700 14 1379
2445142 67906 1982 5 0 0 1131 15 871
2445172 6998 1982 6 0 0 116 15 333
2445201 35092 1982 7 0 0 584 15 1168
2445230 68945 1982 8 0 0 1149 16 488
2445260 25447 1982 9 0 0 424 15 1196
2445289 79794 1982 10 0 0 1329 16 440
2445319 58684 1982 11 0 0 978 15 1112
2445349 43667 1982 12 0 0 727 15 326
2445379 27109 1983 1 0 0 451 14 958
2445409 2606 1983 2 0 0 43 14 146
2445438 53899 1983 3 0 0 898 14 810
2445468 8705 1983 4 0 0 145 14 107
2445497 41851 1983 5 0 0 697 14 931
2445526 69510 1983 6 0 0 1158 15 386
2445556 8276 1983 7 0 0 137 14 1319
2445585 34499 1983 8 0 0 574 15 816
2445614 65740 1983 9 0 0 1095 16 293
2445644 19268 1983 10 0 0 321 15 1169
2445673 69952 1983 11 0 0 1165 16 540
2445703 44139 1983 12 0 0 735 15 1265
2445733 24385 1984 1 0 0 406 15 461
2445763 5453 1984 2 0 0 90 14 1029
2445792 68973 1984 3 0 0 1149 15 130
2445822 38718 1984 4 0 0 645 14 688
2445851 85671 1984 5 0 0 1427 14 1301
2445881 37108 1984 6 0 0 618 14 559
2445910 67874 1984 7 0 0 1131 14 1363
2445940 8731 1984 8 0 0 145 14 841
2445969 36638 1984 9 0 0 610 15 418
2445998 68889 1984 10 0 0 1148 16 42
2446028 21401 1984 11 0 0 356 15 1073
2446057 84169 1984 12 0 0 1126 16 556
2446087 35853 1985 1 0 0 568 15 1338
2446117 6162 1985 2 0 0 102 15 553
2446146 67596 1985 2 1 0 1138 15 1112
2446176 37547 1985 3 0 0 741 15 172
2446206 16867 1985 4 0 0 281 14 650
2446235 68277 1985 5 0 0 1137 14 1148
2446265 24982 1985 6 0 0 416 14 280
2446294 61531 1985 7 0 0 1025 14 987
2446324 8395 1985 8 0 0 139 14 428
2446353 41598 1985 9 0 0 693 15 37
2446382 76821 1985 10 0 0 1280 15 1181
2446412 28466 1985 11 0 0 474 15 870
2446441 69702 1985 12 0 0 1161 16 451
2446471 28519 1986 1 0 0 475 15 1322
2446500 78694 1986 2 0 0 1311 16 601
2446530 47288 1986 3 0 0 788 15 1186
2446560 18576 1986 4 0 0 309 15 224
2446589 75624 1986 5 0 0 1260 15 641
2446619 42890 1986 6 0 0 714 14 1060
2446649 5745 1986 7 0 0 95 14 114
2446678 51023 1986 8 0 0 850 14 753
2446708 6886 1986 9 0 0 114 14 141
2446737 46928 1986 10 0 0 782 14 1151
2446766 85356 1986 11 0 0 1422 15 844
2446796 36587 1986 12 0 0 609 15 570
2446825 74671 1987 1 0 0 1244 16 237
2446855 28238 1987 2 0 0 470 15 1212
2446884 71133 1987 3 0 0 1185 16 570
2446914 30862 1987 4 0 0 514 15 1190
2446943 80001 1987 5 0 0 1333 16 228
2446973 45410 1987 6 0 0 756 15 632
2447003 13051 1987 7 0 0 217 14 1037
2447032 68317 1987 7 1 0 1138 15 72
2447062 36493 1987 8 0 0 608 14 672
2447092 1672 1987 9 0 0 27 13 1425
2447121 48773 1987 10 0 0 812 14 900
2447151 5115 1987 11 0 0 85 14 520
2447180 44736 1987 12 0 0 745 15 231
2447209 82455 1988 1 0 0 1374 15 1381
2447239 32539 1988 2 0 0 542 15 981
2447268 68400 1988 3 0 0 1140 16 400
2447298 18633 1988 4 0 0 310 15 1073
2447327 58428 1988 5 0 0 973 16 165
2447357 17582 1988 6 0 0 293 15 625
2447386 70258 1988 7 0 0 1170 15 1075
2447416 42548 1988 8 0 0 709 15 127
2447446 17319 1988 9 0 0 288 14 695
2447475 76784 1988 10 0 0 1279 14 1373
2447505 45359 1988 11 0 0 755 14 748
2447535 8533 1988 12 0 0 142 14 273
2447564 52617 1989 1 0 0 876 14 1351
2447594 4720 1989 2 0 0 78 14 1017
2447623 37961 1989 3 0 0 632 15 613
2447652 67582 1989 4 0 0 1126 16 76
2447682 10366 1989 5 0 0 172 15 837
2447711 43142 1989 6 0 0 719 16 41
2447740 83135 1989 7 0 0 1385 16 606
2447770 45871 1989 8 0 0 764 15 1130
2447800 17211 1989 9 0 0 286 15 211
2447829 80823 1989 10 0 0 1347 15 771
2447859 60040 1989 11 0 0 1000 14 1409
2447889 37175 1989 12 0 0 619 14 716
2447919 8402 1990 1 0 0 140 14 135
2447948 57264 1990 2 0 0 954 14 1078
2447978 10099 1990 3 0 0 168 14 618
2448007 41247 1990 4 0 0 687 15 150
2448036 67627 1990 5 0 0 1127 15 1081
2448066 6875 1990 5 1 0 114 15 503
2448095 35657 1990 6 0 0 594 15 1279
2448124 70740 1990 7 0 0 1179 16 525
2448154 27981 1990 8 0 0 466 15 1141
2448183 81401 1990 9 0 0 1356 16 288
2448213 57874 1990 10 0 0 964 15 889
2448243 40900 1990 11 0 0 681 15 95
2448273 24579 1990 12 0 0 409 14 789
2448303 1902 1991 1 0 0 31 14 84
2448332 54629 1991 2 0 0 910 14 857
2448362 9456 1991 3 0 0 157 14 238
2448391 41749 1991 4 0 0 695 14 1116
2448420 68755 1991 5 0 0 1145 15 598
2448450 7565 1991 6 0 0 126 15 84
2448479 34062 1991 7 0 0 567 15 967
2448508 64848 1991 8 0 0 1080 16 339
2448538 16728 1991 9 0 0 278 15 1088
2448567 65460 1991 10 0 0 1091 16 356
2448597 39378 1991 11 0 0 656 15 1043
2448627 22174 1991 12 0 0 369 15 268
2448657 7178 1992 1 0 0 119 14 904
2448686 73328 1992 2 0 0 1222 15 77
2448716 43287 1992 3 0 0 721 14 702
2448746 2667 1992 4 0 0 44 13 1382
2448775 39395 1992 5 0 0 656 14 709
2448804 69481 1992 6 0 0 1158 15 126
2448834 9310 1992 7 0 0 155 14 1047
2448863 34912 1992 8 0 0 581 15 556
2448892 63609 1992 9 0 0 1060 16 63
2448922 12825 1992 10 0 0 213 15 980
2448951 58278 1992 11 0 0 971 16 400
2448981 27771 1992 12 0 0 462 15 1177
2449011 5212 1993 1 0 0 86 15 415
2449040 72305 1993 2 0 0 1205 15 1005
2449070 51265 1993 3 0 0 854 15 103
2449100 24538 1993 3 1 0 408 14 633
2449129 28903 1993 4 0 0 1266 14 1202
2449159 31947 1993 5 0 0 532 14 405
2449188 66243 1993 6 0 0 1104 14 1149
2449218 8897 1993 7 0 0 148 14 572
2449247 36617 1993 8 0 0 610 15 113
2449276 66957 1993 9 0 0 1115 15 1177
2449306 16461 1993 10 0 0 274 15 810
2449335 59214 1993 11 0 0 986 16 365
2449365 22221 1993 12 0 0 370 15 1222
2449394 77394 1994 1 0 0 1289 16 495
2449424 50676 1994 2 0 0 844 15 1089
2449454 26226 1994 3 0 0 437 15 164
2449484 394 1994 4 0 0 6 14 639
2449513 55588 1994 5 0 0 926 14 1113
2449543 16638 1994 6 0 0 277 14 195
2449572 56709 1994 7 0 0 945 14 826
2449602 5566 1994 8 0 0 92 14 180
2449631 39309 1994 9 0 0 655 14 1157
2449660 74130 1994 10 0 0 1235 15 837
2449690 24843 1994 11 0 0 414 15 557
2449719 64538 1994 12 0 0 1075 16 206
2449749 20864 1995 1 0 0 347 15 1155
2449778 67667 1995 2 0 0 1127 16 505
2449808 32917 1995 3 0 0 548 15 1148
2449838 2179 1995 4 0 0 36 15 228
2449867 59227 1995 5 0 0 987 15 663
2449897 28197 1995 6 0 0 469 14 1069
2449926 79977 1995 7 0 0 1332 15 75
2449956 41458 1995 8 0 0 690 14 636
2449985 86085 1995 8 1 0 1434 14 1371
2450015 16291 1995 9 0 0 696 14 860
2450044 81768 1995 10 0 0 1362 15 506
2450074 33745 1995 11 0 0 562 15 230
2450103 71428 1995 12 0 0 1190 15 1377
2450133 23409 1996 1 0 0 390 15 982
2450162 63884 1996 2 0 0 1064 16 426
2450192 20926 1996 3 0 0 348 15 1128
2450221 67571 1996 4 0 0 1126 16 226
2450251 30947 1996 5 0 0 515 15 658
2450280 83691 1996 6 0 0 1394 15 1055
2450310 52430 1996 7 0 0 873 15 52
2450340 22038 1996 8 0 0 367 14 590
2450369 76466 1996 9 0 0 1274 14 1271
2450399 40568 1996 10 0 0 676 14 669
2450428 86178 1996 11 0 0 1436 15 220
2450458 41143 1996 12 0 0 685 14 1330
2450487 79576 1997 1 0 0 1326 15 1046
2450517 29675 1997 2 0 0 494 15 705
2450546 64913 1997 3 0 0 1081 16 213
2450576 13591 1997 4 0 0 226 15 973
2450605 50613 1997 5 0 0 843 16 128
2450635 5986 1997 6 0 0 99 15 620
2450664 54835 1997 7 0 0 913 15 1075
2450694 24695 1997 8 0 0 411 15 110
2450723 85891 1997 9 0 0 1431 15 645
2450753 61264 1997 10 0 0 1021 14 1271
2450783 33240 1997 11 0 0 554 14 577
2450812 86192 1997 12 0 0 1436 15 23
2450842 46851 1998 1 0 0 780 14 1042
2450872 1556 1998 2 0 0 25 14 694
2450901 36817 1998 3 0 0 613 15 323
2450930 67282 1998 4 0 0 1121 15 1289
2450960 9134 1998 5 0 0 152 15 678
2450989 28522 1998 5 1 0 650 15 1380
2451018 28522 1998 6 0 0 1243 16 549
2451048 32586 1998 7 0 0 543 15 1101
2451078 89 1998 8 0 0 1 15 191
2451107 61763 1998 9 0 0 1029 15 738
2451137 41205 1998 10 0 0 686 14 1339
2451167 20541 1998 11 0 0 342 14 589
2451196 81964 1998 12 0 0 1366 14 1386
2451226 49121 1999 1 0 0 818 14 838
2451256 6476 1999 2 0 0 107 14 348
2451285 40907 1999 3 0 0 681 14 1314
2451314 68701 1999 4 0 0 1145 15 819
2451344 7371 1999 5 0 0 122 15 277
2451373 33837 1999 6 0 0 563 15 1104
2451402 65310 1999 7 0 0 1088 16 407
2451432 18135 1999 8 0 0 302 15 1071
2451461 66864 1999 9 0 0 1114 16 242
2451491 39181 1999 10 0 0 653 15 843
2451521 19897 1999 11 0 0 331 15 31
2451551 4418 1999 12 0 0 73 14 700
2451580 72196 2000 1 0 0 1203 14 1406
2451610 44203 2000 2 0 0 736 14 704
2451640 4320 2000 3 0 0 72 14 41
2451669 40324 2000 4 0 0 672 14 874
2451698 69237 2000 5 0 0 1153 15 327
2451728 8395 2000 6 0 0 139 14 1255
2451757 33909 2000 7 0 0 565 15 732
2451786 62358 2000 8 0 0 1039 16 156
2451816 10377 2000 9 0 0 172 15 952
2451845 53881 2000 10 0 0 898 16 254
2451875 22278 2000 11 0 0 371 15 962
2451905 1297 2000 12 0 0 21 15 204
2451934 72410 2001 1 0 0 1206 15 851
2451964 55266 2001 2 0 0 921 15 23
2451994 30060 2001 3 0 0 501 14 621
2452023 80737 2001 4 0 0 1345 14 1252
2452053 35162 2001 4 1 0 586 14 519
2452082 52663 2001 5 0 0 1137 14 1323
2452112 9865 2001 6 0 0 164 14 775
2452141 35716 2001 7 0 0 595 15 283
2452170 62841 2001 8 0 0 1047 15 1248
2452200 8598 2001 9 0 0 143 15 761
2452229 49199 2001 10 0 0 819 16 229
2452259 13643 2001 11 0 0 227 15 1060
2452288 73716 2001 12 0 0 1228 16 350
2452318 52853 2002 1 0 0 880 15 976
2452348 32551 2002 2 0 0 542 15 84
2452378 8468 2002 3 0 0 141 14 599
2452407 63905 2002 4 0 0 1065 14 1131
2452437 24391 2002 5 0 0 406 14 282
2452466 62761 2002 6 0 0 1046 14 967
2452496 8111 2002 7 0 0 135 14 329
2452525 36618 2002 8 0 0 610 14 1259
2452554 65854 2002 9 0 0 1097 15 860
2452584 12866 2002 10 0 0 214 15 513
2452613 52462 2002 11 0 0 874 16 130
2452643 12170 2002 12 0 0 202 15 1067
2452672 64103 2003 1 0 0 1068 16 411
2452702 34498 2003 2 0 0 574 15 1054
2452732 8322 2003 3 0 0 138 15 155
2452761 69288 2003 4 0 0 1154 15 635
2452791 40793 2003 5 0 0 679 14 1095
2452821 5920 2003 6 0 0 98 14 141
2452850 49963 2003 7 0 0 832 14 708
2452880 1581 2003 8 0 0 26 13 1416
2452909 36552 2003 9 0 0 609 14 867
2452938 71418 2003 10 0 0 1190 15 493
2452968 21537 2003 11 0 0 358 15 216
2452997 60180 2003 12 0 0 1003 15 1360
2453027 14693 2004 1 0 0 244 15 946
2453056 58661 2004 2 0 0 977 16 374
2453086 20481 2004 2 1 0 341 15 1082
2453115 73271 2004 3 0 0 1221 16 213
2453145 42716 2004 4 0 0 711 15 679
2453175 12407 2004 5 0 0 206 14 1088
2453204 66226 2004 6 0 0 1103 15 65
2453234 30233 2004 7 0 0 503 14 562
2453263 77342 2004 8 0 0 1289 14 1209
2453293 35295 2004 9 0 0 588 14 607
2453322 77230 2004 10 0 0 1287 15 187
2453352 30541 2004 11 0 0 509 14 1326
2453381 68569 2004 12 0 0 1142 15 1052
2453411 19682 2005 1 0 0 328 15 713
2453440 58221 2005 2 0 0 970 16 238
2453470 12721 2005 3 0 0 212 15 1026
2453499 56726 2005 4 0 0 945 16 198
2453529 17706 2005 5 0 0 295 15 673
2453558 68550 2005 6 0 0 1142 15 1080
2453588 36285 2005 7 0 0 604 15 53
2453618 6325 2005 8 0 0 105 14 540
2453647 62872 2005 9 0 0 1047 14 1153
2453677 30276 2005 10 0 0 504 14 477
2453706 79256 2005 11 0 0 1320 14 1395
2453736 36704 2005 12 0 0 611 14 1008
2453765 76478 2006 1 0 0 1274 15 704
2453795 27046 2006 2 0 0 450 15 395
2453824 62115 2006 3 0 0 1035 15 1420
2453854 9833 2006 4 0 0 163 15 831
2453883 44736 2006 5 0 0 745 16 63
2453912 83116 2006 6 0 0 1385 16 601
2453942 48155 2006 7 0 0 690 15 1073
2453972 7786 2006 7 1 0 129 15 102
2454001 67503 2006 8 0 0 1125 15 612
2454031 44043 2006 9 0 0 734 14 1198
2454061 19080 2006 10 0 0 318 14 444
2454090 75646 2006 11 0 0 1260 14 1257
2454120 39641 2006 12 0 0 660 14 765
2454149 83658 2007 1 0 0 1394 15 377
2454179 34953 2007 2 0 0 582 15 15
2454208 66961 2007 3 0 0 1116 15 1029
2454238 8834 2007 4 0 0 147 15 483
2454267 36789 2007 5 0 0 613 15 1248
2454296 68627 2007 6 0 0 1143 16 467
2454326 21751 2007 7 0 0 362 15 1055
2454355 71054 2007 8 0 0 1184 16 165
2454385 43240 2007 9 0 0 720 15 711
2454415 21784 2007 10 0 0 363 14 1289
2454445 2424 2007 11 0 0 40 14 495
2454474 67030 2007 12 0 0 1117 14 1234
2454504 38670 2008 1 0 0 644 14 630
2454534 853 2008 2 0 0 14 14 99
2454563 39317 2008 3 0 0 655 14 1045
2454592 69493 2008 4 0 0 1158 15 551
2454622 8554 2008 5 0 0 142 15 30
2454651 33515 2008 6 0 0 558 15 899
2454680 61953 2008 7 0 0 1032 16 256
2454710 10682 2008 8 0 0 178 15 973
2454739 54734 2008 9 0 0 912 16 182
2454769 22430 2008 10 0 0 373 15 797
2454798 86075 2008 11 0 0 1434 15 1417
2454828 69743 2008 12 0 0 1162 15 626
2454858 53717 2009 1 0 0 895 14 1309
2454888 30904 2009 2 0 0 515 14 577
2454917 83155 2009 3 0 0 1385 14 1315
2454947 37353 2009 4 0 0 622 14 661
2454976 69060 2009 5 0 0 1151 15 71
2455006 9298 2009 5 1 0 154 14 981
2455035 34476 2009 6 0 0 574 15 474
2455064 61295 2009 7 0 0 1021 15 1382
2455094 6259 2009 8 0 0 104 15 790
2455123 45185 2009 9 0 0 753 16 133
2455153 8024 2009 10 0 0 133 15 870
2455182 68526 2009 11 0 0 1142 16 132
2455212 51082 2009 12 0 0 851 15 797
2455242 35479 2010 1 0 0 591 14 1417
2455272 14465 2010 2 0 0 241 14 565
2455301 70135 2010 3 0 0 1168 14 1158
2455331 29063 2010 4 0 0 484 14 367
2455360 65675 2010 5 0 0 1094 14 1110
2455390 9627 2010 6 0 0 160 14 516
2455419 36489 2010 7 0 0 608 15 4
2455448 62989 2010 8 0 0 1049 15 977
2455478 6268 2010 9 0 0 104 15 516
2455507 42707 2010 10 0 0 711 16 27
2455537 2142 2010 11 0 0 35 15 913
2455566 57756 2010 12 0 0 962 16 261
2455596 34239 2011 1 0 0 570 15 935
2455626 13552 2011 2 0 0 225 15 70
2455655 77539 2011 3 0 0 1292 15 583
2455685 49841 2011 4 0 0 830 14 1088
2455715 14556 2011 5 0 0 242 14 193
2455744 57235 2011 6 0 0 953 14 819
2455774 5988 2011 7 0 0 99 14 117
2455803 36245 2011 8 0 0 604 14 986
2455832 65320 2011 9 0 0 1088 15 545
2455862 10547 2011 10 0 0 175 15 196
2455891 47381 2011 11 0 0 789 15 1296
2455921 3983 2011 12 0 0 66 15 870
2455950 52756 2012 1 0 0 879 16 293
2455980 20075 2012 2 0 0 334 15 999
2456009 77826 2012 3 0 0 1297 16 138
2456039 80131 2012 4 0 0 858 15 635
2456069 24421 2012 4 1 0 407 14 1091
2456098 79326 2012 5 0 0 1322 15 111
2456128 41042 2012 6 0 0 684 14 627
2456157 82466 2012 7 0 0 1374 14 1258
2456187 33038 2012 8 0 0 550 14 618
2456216 68550 2012 9 0 0 1142 15 169
2456246 18480 2012 10 0 0 308 14 1305
2456275 56496 2012 11 0 0 941 15 1041
2456305 9817 2012 12 0 0 163 15 698
2456334 51606 2013 1 0 0 860 16 206
2456364 10260 2013 2 0 0 171 15 987
2456393 59718 2013 3 0 0 995 16 177
2456423 26903 2013 4 0 0 448 15 684
2456452 82580 2013 5 0 0 1376 15 1112
2456482 51257 2013 6 0 0 854 15 75
2456512 17442 2013 7 0 0 290 14 524
2456541 66968 2013 8 0 0 1116 14 1092
2456571 27271 2013 9 0 0 454 14 397
2456600 71397 2013 10 0 0 1189 14 1335
2456630 26541 2013 11 0 0 442 14 988
2456659 65649 2013 12 0 0 1094 15 712
2456689 16711 2014 1 0 0 278 15 413
2456718 53979 2014 2 0 0 899 16 8
2456748 6280 2014 3 0 0 104 15 882
2456777 47660 2014 4 0 0 794 16 135
2456807 6013 2014 5 0 0 100 15 671
2456836 54507 2014 6 0 0 908 15 1104
2456866 20505 2014 7 0 0 341 15 69
2456895 76365 2014 8 0 0 1272 15 518
2456925 68223 2014 9 0 0 793 14 1070
2456955 17799 2014 9 1 0 296 14 322
2456984 68223 2014 10 0 0 1172 14 1166
2457014 21780 2014 11 0 0 515 14 713
2457043 72821 2014 12 0 0 1213 15 368
2457073 24435 2015 1 0 0 407 15 65
2457102 59770 2015 2 0 0 996 15 1145
2457132 7010 2015 3 0 0 116 15 642
2457161 40393 2015 4 0 0 673 15 1399
2457190 75920 2015 5 0 0 1265 16 559
2457220 30260 2015 6 0 0 504 15 1062
2457249 78803 2015 7 0 0 1313 16 95
2457279 49275 2015 8 0 0 821 15 590
2457309 25542 2015 9 0 0 425 14 1145
2457339 2827 2015 10 0 0 47 14 344
2457368 62963 2015 11 0 0 1049 14 1091
2457398 30632 2015 12 0 0 510 14 525
2457427 77935 2016 1 0 0 1298 15 79
2457457 32069 2016 2 0 0 534 14 1140
2457486 66219 2016 3 0 0 1103 15 743
2457516 8970 2016 4 0 0 149 15 254
2457545 35975 2016 5 0 0 599 15 1082
2457574 64860 2016 6 0 0 1081 16 356
2457604 13472 2016 7 0 0 224 15 986
2457633 57785 2016 8 0 0 963 16 125
2457663 25882 2016 9 0 0 431 15 683
2457693 2290 2016 10 0 0 38 14 1252
2457722 69493 2016 11 0 0 1158 15 425
2457752 49990 2016 12 0 0 833 14 1113
2457782 25621 2017 1 0 0 427 14 452
2457811 79102 2017 2 0 0 1318 14 1313
2457841 35832 2017 3 0 0 597 14 788
2457870 69368 2017 4 0 0 1156 15 282
2457900 9867 2017 5 0 0 164 14 1209
2457929 80121 2017 6 0 0 570 15 666
2457958 60334 2017 6 1 0 1005 16 70
2457988 5410 2017 7 0 0 90 15 842
2458017 44991 2017 8 0 0 749 16 100
2458047 7923 2017 9 0 0 132 15 742
2458076 67327 2017 10 0 0 1122 15 1366
2458106 48625 2017 11 0 0 810 15 564
2458136 33434 2017 12 0 0 557 14 1226
2458166 14712 2018 1 0 0 245 14 471
2458195 72694 2018 2 0 0 1211 14 1176
2458225 32227 2018 3 0 0 537 14 478
2458254 67666 2018 4 0 0 1127 14 1279
2458284 9794 2018 5 0 0 163 14 712
2458313 35272 2018 6 0 0 587 15 200
2458342 61064 2018 7 0 0 1017 15 1136
2458372 3688 2018 8 0 0 61 15 592
2458401 38811 2018 9 0 0 646 15 1425
2458430 82923 2018 10 0 0 1382 16 759
2458460 51621 2018 11 0 0 860 16 48
2458490 30492 2018 12 0 0 508 15 736
2458520 14616 2019 1 0 0 243 14 1373
2458549 83039 2019 2 0 0 1383 15 522
2458579 57030 2019 3 0 0 950 14 1092
2458609 20731 2019 4 0 0 345 14 251
2458638 61318 2019 5 0 0 1021 14 930
2458668 8174 2019 6 0 0 136 14 278
2458697 36717 2019 7 0 0 611 14 1169
2458726 63430 2019 8 0 0 1057 15 692
2458756 5183 2019 9 0 0 86 15 247
2458785 38310 2019 10 0 0 638 15 1234
2458814 79537 2019 11 0 0 1325 16 732
2458844 43990 2019 12 0 0 733 16 141
2458874 16920 2020 1 0 0 282 15 873
2458903 81121 2020 2 0 0 1352 16 47
2458933 59293 2020 3 0 0 988 15 575
2458963 33951 2020 4 0 0 565 14 1065
2458993 2331 2020 4 1 0 38 14 132
2459022 17021 2020 5 0 0 821 14 704
2459052 1977 2020 6 0 0 32 13 1378
2459081 34900 2020 7 0 0 581 14 742
2459110 64812 2020 8 0 0 1080 15 245
2459140 9063 2020 9 0 0 151 14 1309
2459169 43631 2020 10 0 0 727 15 989
2459198 83795 2020 11 0 0 1396 16 628
2459228 43211 2020 12 0 0 720 16 136
2459258 7540 2021 1 0 0 125 15 917
2459287 62470 2021 2 0 0 1041 16 108
2459317 34251 2021 3 0 0 570 15 631
2459347 7188 2021 4 0 0 119 14 1093
2459376 64359 2021 5 0 0 1072 15 99
2459406 29797 2021 6 0 0 496 14 576
2459435 75008 2021 7 0 0 1250 14 1141
2459465 28306 2021 8 0 0 471 14 414
2459494 65124 2021 9 0 0 1085 14 1316
2459524 15277 2021 10 0 0 254 14 957
2459553 52982 2021 11 0 0 883 15 695
2459583 5610 2021 12 0 0 93 15 408
2459612 45961 2022 1 0 0 766 15 1436
2459642 2087 2022 2 0 0 34 15 857
2459671 48265 2022 3 0 0 804 16 115
2459701 12486 2022 4 0 0 208 15 674
2459730 66617 2022 5 0 0 1110 15 1131
2459760 35537 2022 6 0 0 592 15 97
2459790 3302 2022 7 0 0 55 14 515
2459819 55028 2022 8 0 0 917 14 1019
2459849 17674 2022 9 0 0 294 14 234
2459878 64122 2022 10 0 0 1068 14 1082
2459908 21434 2022 11 0 0 357 14 668
2459937 62213 2022 12 0 0 1036 15 367
2459967 13995 2023 1 0 0 233 15 88
2459996 50750 2023 2 0 0 845 15 1180
2460026 1388 2023 2 1 0 23 15 694
2460055 40351 2023 3 0 0 672 16 34
2460084 82396 2023 4 0 0 1373 16 641
2460114 41828 2023 5 0 0 697 15 1118
2460144 5509 2023 6 0 0 91 15 91
2460173 59890 2023 7 0 0 998 15 515
2460203 31187 2023 8 0 0 519 14 1017
2460233 3308 2023 9 0 0 55 14 204
2460262 59243 2023 10 0 0 987 14 976
2460292 23520 2023 11 0 0 392 14 453
2460321 68245 2023 12 0 0 1137 15 54
2460351 21551 2024 1 0 0 359 14 1170
2460380 57626 2024 2 0 0 960 15 840
2460410 4852 2024 3 0 0 80 15 408
2460439 37316 2024 4 0 0 621 15 1253
2460468 70664 2024 5 0 0 1177 16 487
2460498 21444 2024 6 0 0 357 15 1037
2460527 65584 2024 7 0 0 1093 16 85
2460557 32135 2024 8 0 0 535 15 574
2460587 6557 2024 9 0 0 109 14 1106
2460616 71229 2024 10 0 0 1187 15 268
2460646 48085 2024 11 0 0 801 14 961
2460676 19608 2024 12 0 0 326 14 326
2460705 70559 2025 1 0 0 1175 14 1253
2460735 27890 2025 2 0 0 464 14 834
2460764 64670 2025 3 0 0 1077 15 442
2460794 9069 2025 4 0 0 151 14 1435
2460823 36141 2025 5 0 0 602 15 883
2460852 63097 2025 6 0 0 1051 16 216
2460882 7872 2025 6 1 0 131 15 895
2460911 12832 2025 7 0 0 786 16 68
2460941 10448 2025 8 0 0 174 15 647
2460970 69911 2025 9 0 0 1165 15 1219
2461000 49636 2025 10 0 0 827 15 374
2461030 31401 2025 11 0 0 523 14 1022
2461060 10319 2025 12 0 0 171 14 309
2461089 68469 2026 1 0 0 1141 14 1117
2461119 30209 2026 2 0 0 503 14 551
2461148 67908 2026 3 0 0 1131 15 23
2461178 10863 2026 4 0 0 181 14 945
2461207 35650 2026 5 0 0 594 15 416
2461236 60217 2026 6 0 0 1003 15 1295
2461266 2205 2026 7 0 0 36 15 678
2461295 37620 2026 8 0 0 627 15 1429
2461324 82205 2026 9 0 0 1370 16 671
2461354 50527 2026 10 0 0 842 15 1313
2461384 28311 2026 11 0 0 471 15 508
2461414 12263 2026 12 0 0 204 14 1157
2461443 82567 2027 1 0 0 1376 15 383
2461473 59369 2027 2 0 0 989 14 1063
2461503 24670 2027 3 0 0 411 14 327
2461532 64718 2027 4 0 0 1078 14 1079
2461562 9621 2027 5 0 0 160 14 464
2461591 36125 2027 6 0 0 602 14 1364
2461620 61514 2027 7 0 0 1025 15 868
2461650 2471 2027 8 0 0 41 15 363
2461679 34565 2027 9 0 0 576 15 1247
2461708 74194 2027 10 0 0 1236 16 625
2461738 37467 2027 11 0 0 624 15 1388
2461768 11540 2027 12 0 0 192 15 663
2461797 79951 2028 1 0 0 1332 15 1323
2461827 63446 2028 2 0 0 1057 15 486
2461857 41480 2028 3 0 0 691 14 1046
2461887 10017 2028 4 0 0 166 14 168
2461916 54979 2028 5 0 0 916 14 788
2461946 5254 2028 5 1 0 87 14 70
2461975 36103 2028 6 0 0 601 14 909
2462004 63832 2028 7 0 0 1063 15 407
2462034 5026 2028 8 0 0 83 14 1405
2462063 35809 2028 9 0 0 596 15 977
2462092 73082 2028 10 0 0 1218 16 520
2462122 32780 2028 11 0 0 546 15 1428
2462152 1472 2028 12 0 0 24 15 783
2462181 63092 2029 1 0 0 1051 16 10
2462211 40756 2029 2 0 0 679 15 566
2462241 16811 2029 3 0 0 280 14 1056
2462270 74530 2029 4 0 0 1242 15 97
2462300 39034 2029 5 0 0 650 14 622
2462329 82264 2029 6 0 0 1371 14 1235
2462359 32148 2029 7 0 0 535 14 531
2462388 63864 2029 8 0 0 1064 14 1409
2462418 8074 2029 9 0 0 134 14 987
2462447 41048 2029 10 0 0 684 15 662
2462476 78729 2029 11 0 0 1312 16 346
2462506 35374 2029 12 0 0 589 15 1374
2462535 83252 2030 1 0 0 1387 16 799
2462565 48881 2030 2 0 0 814 16 56
2462595 18154 2030 3 0 0 302 15 620
2462624 76330 2030 4 0 0 1272 15 1099
2462654 48082 2030 5 0 0 801 15 101
2462684 16470 2030 6 0 0 274 14 552
2462713 65461 2030 7 0 0 1091 14 1064
2462743 22043 2030 8 0 0 367 14 257
2462772 60882 2030 9 0 0 1014 14 1066
2462802 11821 2030 10 0 0 197 14 630
2462831 49590 2030 11 0 0 826 15 340
2462861 1934 2030 12 0 0 32 15 85
2462890 41461 2031 1 0 0 691 15 1186
2462919 82133 2031 2 0 0 1368 16 689
2462949 38947 2031 3 0 0 649 16 21
2462978 86226 2031 3 1 0 1437 16 639
2463008 44875 2031 4 0 0 857 15 1138
2463038 19483 2031 5 0 0 324 15 121
2463067 74416 2031 6 0 0 1240 15 525
2463097 41539 2031 7 0 0 692 14 980
2463127 6415 2031 8 0 0 106 14 117
2463156 55245 2031 9 0 0 920 14 872
2463186 14978 2031 10 0 0 249 14 378
2463215 57950 2031 11 0 0 965 15 33
2463245 11204 2031 12 0 0 186 14 1192
2463274 48257 2032 1 0 0 804 15 883
2463303 84282 2032 2 0 0 1404 16 466
2463333 34772 2032 3 0 0 579 15 1329
2463362 74146 2032 4 0 0 1235 16 577
2463392 30728 2032 5 0 0 512 15 1112
2463421 78093 2032 6 0 0 1301 16 111
2463451 43894 2032 7 0 0 731 15 526
2463481 14199 2032 8 0 0 236 14 990
2463510 73584 2032 9 0 0 1226 15 118
2463540 45898 2032 10 0 0 764 14 822
2463570 13974 2032 11 0 0 232 14 229
2463599 62223 2032 12 0 0 1037 14 1207
2463629 17994 2033 1 0 0 299 14 844
2463658 55414 2033 2 0 0 923 15 517
2463688 3100 2033 3 0 0 51 15 137
2463717 35173 2033 4 0 0 586 15 1062
2463746 66994 2033 5 0 0 1116 16 379
2463776 14825 2033 6 0 0 247 15 988
2463805 54756 2033 7 0 0 912 16 67
2463835 16790 2033 8 0 0 279 15 560
2463864 74388 2033 9 0 0 1239 15 1078
2463894 52107 2033 10 0 0 868 15 212
2463924 31149 2033 11 0 0 519 14 862
2463954 6390 2033 11 1 0 106 14 167
2463983 61294 2033 12 0 0 1021 14 1024
2464013 22217 2034 1 0 0 370 14 550
2464042 62076 2034 2 0 0 1034 15 138
2464072 8755 2034 3 0 0 145 14 1155
2464101 36757 2034 4 0 0 612 15 654
2464130 62758 2034 5 0 0 1045 16 44
2464160 4518 2034 6 0 0 75 15 774
2464189 39185 2034 7 0 0 653 15 1429
2464218 83630 2034 8 0 0 1393 16 596
2464248 52361 2034 9 0 0 872 15 1182
2464278 29776 2034 10 0 0 496 15 332
2464308 11667 2034 11 0 0 194 14 954
2464337 79388 2034 12 0 0 1323 15 196
2464367 55330 2035 1 0 0 922 14 953
2464397 22170 2035 2 0 0 369 14 342
2464426 64670 2035 3 0 0 1077 14 1220
2464456 11036 2035 4 0 0 183 14 685
2464485 37245 2035 5 0 0 620 15 157
2464514 61161 2035 6 0 0 1019 15 1056
2464544 711 2035 7 0 0 11 15 480
2464573 32374 2035 8 0 0 539 15 1283
2464602 72411 2035 9 0 0 1206 16 575
2464632 35924 2035 10 0 0 598 15 1248
2464662 9458 2035 11 0 0 157 15 453
2464691 77458 2035 12 0 0 1290 15 1096
2464721 62234 2036 1 0 0 1037 15 308
2464751 43159 2036 2 0 0 719 14 969
2464781 14207 2036 3 0 0 236 14 202
2464810 59596 2036 4 0 0 993 14 909
2464840 8221 2036 5 0 0 137 14 242
2464869 36581 2036 6 0 0 609 14 1099
2464898 62223 2036 6 1 0 1037 15 588
2464928 2124 2036 7 0 0 35 15 105
2464957 31898 2036 8 0 0 531 15 1035
2464986 67803 2036 9 0 0 1130 16 464
2465016 26073 2036 10 0 0 434 15 1268
2465045 81270 2036 11 0 0 1354 16 575
2465075 59667 2036 12 0 0 994 15 1264
2465105 42847 2037 1 0 0 714 15 448
2465135 23776 2037 2 0 0 396 14 1013
2465164 83265 2037 3 0 0 1387 15 113
2465194 46464 2037 4 0 0 774 14 684
2465224 618 2037 5 0 0 10 13 1339
2465253 34311 2037 6 0 0 571 14 675
2465282 63698 2037 7 0 0 1061 15 129
2465312 5132 2037 8 0 0 85 14 1111
2465341 34474 2037 9 0 0 574 15 696
2465370 68590 2037 10 0 0 1143 16 275
2465400 23904 2037 11 0 0 398 15 1238
2465429 74484 2037 12 0 0 1241 16 660
2465459 46333 2038 1 0 0 772 15 1389
2465489 22502 2038 2 0 0 375 15 549
2465518 85382 2038 3 0 0 1423 15 1056
2465548 58782 2038 4 0 0 979 15 83
2465578 26656 2038 5 0 0 444 14 570
2465607 73932 2038 6 0 0 1232 14 1128
2465637 27623 2038 7 0 0 460 14 356
2465666 61969 2038 8 0 0 1032 14 1164
2465696 7058 2038 9 0 0 117 14 681
2465725 39174 2038 10 0 0 652 15 327
2465754 74806 2038 11 0 0 1246 16 30
2465784 28921 2038 12 0 0 482 15 1125
2465813 74169 2039 1 0 0 1236 16 639
2465843 37054 2039 2 0 0 617 15 1415
2465873 3573 2039 3 0 0 59 15 592
2465902 59687 2039 4 0 0 994 15 1100
2465932 68246 2039 5 0 0 518 15 107
2465962 1289 2039 5 1 0 21 14 543
2465991 53647 2039 6 0 0 894 14 1016
2466021 13835 2039 7 0 0 230 14 143
2466050 55384 2039 8 0 0 923 14 863
2466080 7743 2039 9 0 0 129 14 336
2466109 45968 2039 10 0 0 766 14 1429
2466138 84725 2039 11 0 0 1412 15 1177
2466168 37519 2039 12 0 0 625 15 894
2466197 77069 2040 1 0 0 1284 16 479
2466227 31570 2040 2 0 0 526 15 1331
2466256 75615 2040 3 0 0 1260 16 577
2466286 37676 2040 4 0 0 627 15 1127
2466316 3787 2040 5 0 0 63 15 139
2466345 58487 2040 6 0 0 974 15 545
2466375 26787 2040 7 0 0 446 14 969
2466404 80024 2040 8 0 0 1333 15 42
2466434 44757 2040 9 0 0 745 14 709
2466464 6962 2040 10 0 0 116 14 126
2466493 52392 2040 11 0 0 873 14 1155
2466523 7669 2040 12 0 0 127 14 851
2466552 45777 2041 1 0 0 762 15 561
2466581 81562 2041 2 0 0 1359 16 199
2466611 30570 2041 3 0 0 509 15 1140
2466640 67583 2041 4 0 0 1126 16 472
2466670 21361 2041 5 0 0 356 15 1078
2466699 65817 2041 6 0 0 1096 16 120
2466729 28942 2041 7 0 0 482 15 544
2466758 83772 2041 8 0 0 1396 15 983
2466788 56479 2041 9 0 0 941 15 62
2466818 30622 2041 10 0 0 510 14 703
2466848 2206 2041 11 0 0 36 14 42
2466877 54385 2041 12 0 0 906 14 953
2466907 13328 2042 1 0 0 222 14 537
2466936 52738 2042 2 0 0 878 15 189
2466966 1384 2042 2 1 0 23 14 1275
2466995 20388 2042 3 0 0 559 15 828
2467024 64493 2042 4 0 0 1074 16 228
2467054 10093 2042 5 0 0 168 15 909
2467083 46315 2042 6 0 0 771 16 33
2467113 3681 2042 7 0 0 61 15 542
2467142 57014 2042 8 0 0 950 15 1054
2467172 32590 2042 9 0 0 543 15 168
2467202 12508 2042 10 0 0 208 14 786
2467231 77383 2042 11 0 0 1289 15 42
2467261 49999 2042 12 0 0 833 14 836
2467291 14866 2043 1 0 0 247 14 298
2467320 58162 2043 2 0 0 969 14 1286
2467350 7601 2043 3 0 0 126 14 863
2467379 37276 2043 4 0 0 621 15 397
2467408 63306 2043 5 0 0 1055 15 1280
2467438 3059 2043 6 0 0 50 15 624
2467467 33768 2043 7 0 0 562 15 1324
2467496 73044 2043 8 0 0 1217 16 527
2467526 36733 2043 9 0 0 612 15 1135
2467556 10650 2043 10 0 0 177 15 292
2467585 77821 2043 11 0 0 1297 15 902
2467615 60487 2043 12 0 0 1008 15 111
2467645 39875 2044 1 0 0 664 14 821
2467675 11546 2044 2 0 0 192 14 161
2467704 59164 2044 3 0 0 986 14 999
2467734 9731 2044 4 0 0 162 14 436
2467763 38380 2044 5 0 0 639 14 1336
2467792 62664 2044 6 0 0 1044 15 802
2467822 64484 2044 7 0 0 10 15 253
2467851 29164 2044 7 1 0 486 15 1104
2467880 65013 2044 8 0 0 1083 16 450
2467910 23790 2044 9 0 0 396 15 1166
2467939 79072 2044 10 0 0 1317 16 393
2467969 57194 2044 11 0 0 953 15 1040
2467999 41134 2044 12 0 0 685 15 245
2468029 24672 2045 1 0 0 411 14 892
2468059 896 2045 2 0 0 14 14 103
2468088 52006 2045 3 0 0 866 14 772
2468118 5201 2045 4 0 0 86 14 52
2468147 36293 2045 5 0 0 604 14 855
2468176 62907 2045 6 0 0 1048 15 310
2468206 2359 2045 7 0 0 39 14 1267
2468235 30468 2045 8 0 0 507 15 791
2468264 63416 2045 9 0 0 1056 16 271
2468294 17340 2045 10 0 0 289 15 1123
2468323 67287 2045 11 0 0 1121 16 469
2468353 41047 2045 12 0 0 684 15 1191
2468383 22186 2046 1 0 0 369 15 404
2468413 4525 2046 2 0 0 75 14 987
2468442 67904 2046 3 0 0 1131 15 81
2468472 35769 2046 4 0 0 596 14 615
2468501 80551 2046 5 0 0 1342 14 1210
2468531 31137 2046 6 0 0 518 14 475
2468560 62733 2046 7 0 0 1045 14 1310
2468590 5130 2046 8 0 0 85 14 819
2468619 33935 2046 9 0 0 565 15 401
2468648 65826 2046 10 0 0 1097 16 4
2468678 17410 2046 11 0 0 290 15 1015
2468707 63537 2046 12 0 0 1058 16 501
2468737 31430 2047 1 0 0 523 15 1299
2468767 5157 2047 2 0 0 85 15 517
2468796 67455 2047 3 0 0 1124 15 1055
2468826 41993 2047 4 0 0 699 15 84
2468856 12456 2047 5 0 0 207 14 544
2468885 63353 2047 5 1 0 1055 14 1053
2468915 14134 2047 6 0 0 349 14 218
2468944 58578 2047 7 0 0 976 14 954
2468974 5489 2047 8 0 0 91 14 402
2469003 37680 2047 9 0 0 628 14 1438
2469032 71940 2047 10 0 0 1199 15 1135
2469062 23898 2047 11 0 0 398 15 837
2469091 66751 2047 12 0 0 1112 16 434
2469121 27095 2048 1 0 0 451 15 1298
2469150 77264 2048 2 0 0 1287 16 544
2469180 44387 2048 3 0 0 739 15 1093
2469210 14295 2048 4 0 0 238 15 117
2469239 71400 2048 5 0 0 1190 15 548
2469269 39856 2048 6 0 0 664 14 993
2469299 3539 2048 7 0 0 58 14 67
2469328 48279 2048 8 0 0 804 14 706
2469358 2717 2048 9 0 0 45 14 85
2469387 41905 2048 10 0 0 698 14 1099
2469416 81011 2048 11 0 0 1350 15 819
2469446 33873 2048 12 0 0 564 15 569
2469475 72954 2049 1 0 0 1215 16 227
2469505 25895 2049 2 0 0 431 15 1163
2469534 67156 2049 3 0 0 1119 16 484
2469564 25865 2049 4 0 0 431 15 1093
2469593 75611 2049 5 0 0 1260 16 146
2469623 42622 2049 6 0 0 710 15 569
2469653 11238 2049 7 0 0 187 14 979
2469682 65923 2049 8 0 0 1098 15 4
2469712 32708 2049 9 0 0 545 14 593
2469741 83710 2049 10 0 0 1395 14 1357
2469771 45345 2049 11 0 0 755 14 868
2469801 3109 2049 12 0 0 51 14 519
2469830 43021 2050 1 0 0 717 15 227
2469859 79413 2050 2 0 0 1323 15 1343
2469889 27658 2050 3 0 0 460 15 912
2469918 62748 2050 3 1 0 1045 16 326
2469948 10258 2050 4 0 0 231 15 1011
2469977 55313 2050 5 0 0 921 16 110
2470007 15411 2050 6 0 0 256 15 560
2470036 67650 2050 7 0 0 1127 15 990
2470066 38961 2050 8 0 0 649 15 31
2470096 13719 2050 9 0 0 228 14 615
2470125 74486 2050 10 0 0 1241 14 1329
2470155 44287 2050 11 0 0 738 14 735
2470185 7090 2050 12 0 0 118 14 259
2470214 49298 2051 1 0 0 821 14 1313
2470243 85956 2051 2 0 0 1432 15 960
2470273 32358 2051 3 0 0 539 15 559
2470302 62954 2051 4 0 0 1049 16 35
2470332 6997 2051 5 0 0 116 15 794
2470361 40159 2051 6 0 0 669 15 1416
2470390 79504 2051 7 0 0 1325 16 515
2470420 41603 2051 8 0 0 693 15 1031
2470450 13614 2051 9 0 0 226 15 133
2470479 79161 2051 10 0 0 1319 15 726
2470509 59818 2051 11 0 0 996 14 1385
2470539 36335 2051 12 0 0 605 14 684
2470569 5421 2052 1 0 0 90 14 81
2470598 52558 2052 2 0 0 875 14 1014
2470628 5238 2052 3 0 0 87 14 569
2470657 37259 2052 4 0 0 620 15 120
2470686 64223 2052 5 0 0 1070 15 1047
2470716 3005 2052 6 0 0 50 15 443
2470745 30666 2052 7 0 0 511 15 1192
2470774 65217 2052 8 0 0 1086 16 435
2470804 23572 2052 8 1 0 392 15 1074
2470833 79409 2052 9 0 0 1323 16 249
2470863 57755 2052 10 0 0 962 15 858
2470893 40510 2052 11 0 0 675 15 46
2470923 22343 2052 12 0 0 372 14 717
2470952 84694 2053 1 0 0 1411 15 9
2470982 51094 2053 2 0 0 851 14 802
2471012 6511 2053 3 0 0 108 14 205
2471041 38590 2053 4 0 0 643 14 1082
2471070 64292 2053 5 0 0 1071 15 541
2471100 1596 2053 6 0 0 26 15 6
2471129 27673 2053 7 0 0 461 15 892
2471158 59774 2053 8 0 0 996 16 290
2471188 14028 2053 9 0 0 233 15 1058
2471217 64538 2053 10 0 0 1075 16 321
2471247 38441 2053 11 0 0 640 15 983
2471277 20042 2053 12 0 0 334 15 188
2471307 4443 2054 1 0 0 74 14 826
2471336 71151 2054 2 0 0 1185 15 21
2471366 41558 2054 3 0 0 692 14 662
2471396 55 2054 4 0 0 0 13 1336
2471425 34833 2054 5 0 0 580 14 642
2471454 63251 2054 6 0 0 1054 15 47
2471484 2894 2054 7 0 0 48 14 981
2471513 29910 2054 8 0 0 498 15 521
2471542 60575 2054 9 0 0 1009 16 44
2471572 10902 2054 10 0 0 181 15 949
2471601 56037 2054 11 0 0 933 16 341
2471631 24722 2054 12 0 0 412 15 1101
2471661 2368 2055 1 0 0 39 15 348
2471690 70758 2055 2 0 0 1179 15 957
2471720 50453 2055 3 0 0 840 15 58
2471750 22638 2055 4 0 0 377 14 571
2471779 71847 2055 5 0 0 1197 14 1116
2471809 26154 2055 6 0 0 435 14 311
2471838 60489 2055 6 1 0 1008 14 1077
2471868 4506 2055 7 0 0 75 14 536
2471897 33594 2055 8 0 0 559 15 98
2471926 64188 2055 9 0 0 1069 15 1151
2471956 12865 2055 10 0 0 214 15 760
2471985 54940 2055 11 0 0 915 16 306
2472015 18650 2055 12 0 0 310 15 1176
2472044 75597 2056 1 0 0 1259 16 460
2472074 49954 2056 2 0 0 832 15 1045
2472104 24646 2056 3 0 0 410 15 91
2472133 83190 2056 4 0 0 1386 15 538
2472163 50652 2056 5 0 0 844 14 1008
2472193 12013 2056 6 0 0 200 14 114
2472222 53304 2056 7 0 0 888 14 780
2472252 2858 2056 8 0 0 47 14 154
2472281 36047 2056 9 0 0 600 14 1126
2472310 69658 2056 10 0 0 1160 15 791
2472340 19876 2056 11 0 0 331 15 514
2472369 60573 2056 12 0 0 1009 16 181
2472399 18643 2057 1 0 0 310 15 1136
2472428 66297 2057 2 0 0 1104 16 465
2472458 30699 2057 3 0 0 511 15 1069
2472487 84739 2057 4 0 0 1412 16 122
2472517 54676 2057 5 0 0 911 15 558
2472547 24465 2057 6 0 0 407 14 988
2472576 77537 2057 7 0 0 1292 15 21
2472606 39296 2057 8 0 0 654 14 593
2472635 82835 2057 9 0 0 1380 14 1321
2472665 37168 2057 10 0 0 619 14 804
2472694 76965 2057 11 0 0 1282 15 466
2472724 30163 2057 12 0 0 502 15 219
2472753 69270 2058 1 0 0 1154 15 1374
2472783 21418 2058 2 0 0 356 15 952
2472812 60604 2058 3 0 0 1010 16 355
2472842 16161 2058 4 0 0 269 15 1032
2472871 62613 2058 4 1 0 1043 16 135
2472901 27315 2058 5 0 0 455 15 587
2472930 81609 2058 6 0 0 1360 15 998
2472960 50619 2058 7 0 0 843 14 1431
2472990 19077 2058 8 0 0 317 14 516
2473019 72315 2058 9 0 0 1205 14 1194
2473049 36581 2058 10 0 0 609 14 617
2473078 83525 2058 11 0 0 1392 15 205
2473108 39446 2058 12 0 0 657 14 1331
2473137 77258 2059 1 0 0 1287 15 1026
2473167 25553 2059 2 0 0 425 15 648
2473196 59342 2059 3 0 0 989 16 137
2473226 8133 2059 4 0 0 135 15 904
2473255 46643 2059 5 0 0 777 16 72
2473285 3536 2059 6 0 0 58 15 564
2473314 52683 2059 7 0 0 878 15 1002
2473344 21670 2059 8 0 0 361 15 18
2473373 82208 2059 9 0 0 1370 15 555
2473403 58301 2059 10 0 0 971 14 1209
2473433 31775 2059 11 0 0 529 14 551
2473462 85232 2059 12 0 0 1420 15 14
2473492 44570 2060 1 0 0 742 14 1016
2473521 83517 2060 2 0 0 1391 15 641
2473551 31077 2060 3 0 0 517 15 262
2473580 61868 2060 4 0 0 1031 15 1239
2473610 5026 2060 5 0 0 83 15 637
2473639 35896 2060 6 0 0 598 15 1328
2473668 71399 2060 7 0 0 1189 16 471
2473698 28597 2060 8 0 0 476 15 1004
2473727 82434 2060 9 0 0 1373 16 101
2473757 59160 2060 10 0 0 986 15 677
2473787 40574 2060 11 0 0 676 14 1308
2473817 20396 2060 12 0 0 339 14 564
2473846 80193 2061 1 0 0 1336 14 1342
2473876 45106 2061 2 0 0 751 14 774
2473906 72409 2061 3 0 0 23 14 287
2473935 36304 2061 3 1 0 605 14 1273
2473964 64988 2061 4 0 0 1083 15 789
2473994 3807 2061 5 0 0 63 15 232
2474023 29446 2061 6 0 0 490 15 1031
2474052 59986 2061 7 0 0 999 16 318
2474082 13065 2061 8 0 0 217 15 992
2474111 63710 2061 9 0 0 1061 16 192
2474141 38416 2061 10 0 0 640 15 812
2474171 19974 2061 11 0 0 332 14 1433
2474201 3167 2061 12 0 0 52 14 637
2474230 69058 2062 1 0 0 1150 14 1328
2474260 40411 2062 2 0 0 673 14 635
2474290 1044 2062 3 0 0 17 13 1437
2474319 37382 2062 4 0 0 623 14 843
2474348 65544 2062 5 0 0 1092 15 283
2474378 3198 2062 6 0 0 53 14 1187
2474407 27650 2062 7 0 0 460 15 656
2474436 56566 2062 8 0 0 942 16 96
2474466 6604 2062 9 0 0 110 15 918
2474495 52389 2062 10 0 0 873 16 228
2474525 21677 2062 11 0 0 361 15 917
2474554 86238 2062 12 0 0 1437 16 132
2474584 69807 2063 1 0 0 1163 15 769
2474614 52686 2063 2 0 0 878 14 1394
2474644 28195 2063 3 0 0 469 14 574
2474673 78743 2063 4 0 0 1312 14 1211
2474703 31645 2063 5 0 0 527 14 463
2474732 62758 2063 6 0 0 1045 14 1248
2474762 3333 2063 7 0 0 55 14 700
2474791 29879 2063 7 1 0 497 15 233
2474820 58913 2063 8 0 0 981 15 1227
2474850 6402 2063 9 0 0 106 15 742
2474879 47391 2063 10 0 0 789 16 186
2474909 11054 2063 11 0 0 184 15 991
2474938 70636 2063 12 0 0 1177 16 277
2474968 50598 2064 1 0 0 843 15 919
2474998 31527 2064 2 0 0 525 15 40
2475028 7321 2064 3 0 0 122 14 548
2475057 60926 2064 4 0 0 1015 14 1056
2475087 19262 2064 5 0 0 321 14 189
2475116 56776 2064 6 0 0 946 14 880
2475146 2972 2064 7 0 0 49 14 275
2475175 33072 2064 8 0 0 551 14 1238
2475204 63256 2064 9 0 0 1054 15 845
2475234 9917 2064 10 0 0 165 15 478
2475263 48547 2064 11 0 0 809 16 74
2475293 8120 2064 12 0 0 135 15 1013
2475322 61354 2065 1 0 0 1022 16 371
2475352 33330 2065 2 0 0 555 15 1016
2475382 7279 2065 3 0 0 121 15 96
2475411 66636 2065 4 0 0 1110 15 545
2475441 36307 2065 5 0 0 605 14 988
2475471 965 2065 6 0 0 16 14 45
2475500 45991 2065 7 0 0 766 14 645
2475529 85184 2065 8 0 0 1419 14 1385
2475559 33879 2065 9 0 0 564 14 844
2475588 67730 2065 10 0 0 1128 15 457
2475618 16816 2065 11 0 0 280 15 172
2475647 55667 2065 12 0 0 927 15 1327
2475677 11677 2066 1 0 0 194 15 929
2475706 57065 2066 2 0 0 951 16 348
2475736 18841 2066 3 0 0 314 15 1023
2475765 70199 2066 4 0 0 1169 16 118
2475795 38324 2066 5 0 0 638 15 571
2475825 8140 2066 5 1 0 135 14 995
2475854 63254 2066 6 0 0 1054 15 0
2475884 28221 2066 7 0 0 470 14 517
2475913 74873 2066 8 0 0 1247 14 1165
2475943 31387 2066 9 0 0 523 14 553
2475972 72391 2066 10 0 0 1206 15 136
2476002 26285 2066 11 0 0 438 14 1301
2476031 65845 2066 12 0 0 1097 15 1050
2476061 17875 2067 1 0 0 297 15 702
2476090 55763 2067 2 0 0 929 16 188
2476120 8655 2067 3 0 0 144 15 940
2476149 51672 2067 4 0 0 861 16 102
2476179 13287 2067 5 0 0 221 15 592
2476208 65804 2067 6 0 0 1096 15 1019
2476238 34628 2067 7 0 0 577 14 1437
2476268 4166 2067 8 0 0 69 14 474
2476297 59311 2067 9 0 0 988 14 1076
2476327 26073 2067 10 0 0 434 14 410
2476356 75920 2067 11 0 0 1265 14 1362
2476386 34716 2067 12 0 0 578 14 1005
2476415 74703 2068 1 0 0 1245 15 698
2476445 23897 2068 2 0 0 398 15 356
2476474 57110 2068 3 0 0 951 15 1349
2476504 4046 2068 4 0 0 67 15 755
2476533 39828 2068 5 0 0 663 16 0
2476562 79913 2068 6 0 0 1331 16 547
2476592 39317 2068 7 0 0 655 15 1011
2476622 5334 2068 8 0 0 88 15 19
2476651 64127 2068 9 0 0 1068 15 520
2476681 40650 2068 10 0 0 677 14 1120
2476711 16961 2068 11 0 0 282 14 402
2476740 74689 2068 12 0 0 1244 14 1243
2476770 38207 2069 1 0 0 636 14 749
2476799 80246 2069 2 0 0 1337 15 335
2476829 29625 2069 3 0 0 493 14 1393
2476858 61288 2069 4 0 0 1019 15 971
2476888 3991 2069 4 1 0 66 15 440
2476917 33266 2069 5 0 0 554 15 1205
2476946 65612 2069 6 0 0 1093 16 404
2476976 18215 2069 7 0 0 303 15 966
2477005 66956 2069 8 0 0 1115 16 69
2477035 39832 2069 9 0 0 663 15 635
2477065 20295 2069 10 0 0 338 14 1246
2477095 2311 2069 11 0 0 38 14 470
2477124 66185 2069 12 0 0 1103 14 1199
2477154 35574 2070 1 0 0 592 14 571
2477183 82362 2070 2 0 0 1372 15 31
2477213 34252 2070 3 0 0 570 14 991
2477242 65343 2070 4 0 0 1089 15 518
2477272 5091 2070 5 0 0 84 14 1437
2477301 29714 2070 6 0 0 495 15 842
2477330 57126 2070 7 0 0 952 16 174
2477360 5357 2070 8 0 0 89 15 888
2477389 50513 2070 9 0 0 841 16 119
2477419 20596 2070 10 0 0 343 15 760
2477448 86052 2070 11 0 0 1434 15 1386
2477478 69348 2070 12 0 0 1155 15 575
2477508 51371 2071 1 0 0 856 14 1233
2477538 27118 2071 2 0 0 451 14 498
2477567 79423 2071 3 0 0 1323 14 1256
2477597 34253 2071 4 0 0 570 14 624
2477626 65841 2071 5 0 0 1097 15 36
2477656 4879 2071 6 0 0 81 14 926
2477685 28613 2071 7 0 0 476 15 399
2477714 55028 2071 8 0 0 917 15 1311
2477744 1303 2071 8 1 0 21 15 744
2477773 42606 2071 9 0 0 710 16 107
2477803 7211 2071 10 0 0 120 15 838
2477832 67649 2071 11 0 0 1127 16 73
2477862 48935 2071 12 0 0 815 15 716
2477892 32645 2072 1 0 0 544 14 1338
2477922 12127 2072 2 0 0 202 14 505
2477951 68241 2072 3 0 0 1137 14 1114
2477981 26340 2072 4 0 0 439 14 318
2478010 61065 2072 5 0 0 1017 14 1042
2478040 3391 2072 6 0 0 56 14 437
2478069 30094 2072 7 0 0 501 14 1379
2478098 58048 2072 8 0 0 967 15 943
2478128 3341 2072 9 0 0 55 15 501
2478157 40901 2072 10 0 0 681 15 1439
2478186 86373 2072 11 0 0 1439 16 855
2478216 54689 2072 12 0 0 911 16 185
2478246 31261 2073 1 0 0 521 15 866
2478276 11768 2073 2 0 0 196 15 17
2478305 76464 2073 3 0 0 1274 15 535
2478335 47743 2073 4 0 0 795 14 1023
2478365 10308 2073 5 0 0 171 14 105
2478394 51411 2073 6 0 0 856 14 725
2478424 276 2073 7 0 0 4 14 45
2478453 31991 2073 8 0 0 533 14 953
2478482 62518 2073 9 0 0 1041 15 534
2478512 8015 2073 10 0 0 133 15 175
2478541 43951 2073 11 0 0 732 15 1249
2478570 86151 2073 12 0 0 1435 16 811
2478600 49081 2074 1 0 0 818 16 245
2478630 18041 2074 2 0 0 300 15 961
2478659 76812 2074 3 0 0 1280 16 90
2478689 49688 2074 4 0 0 828 15 558
2478719 20685 2074 5 0 0 344 14 988
2478748 74346 2074 6 0 0 1239 15 5
2478778 36453 2074 6 1 0 607 14 546
2478807 79199 2074 7 0 0 1319 14 1213
2478837 30555 2074 8 0 0 509 14 596
2478866 65533 2074 9 0 0 1092 15 142
2478896 14197 2074 10 0 0 236 14 1263
2478925 51626 2074 11 0 0 860 15 999
2478955 5845 2074 12 0 0 97 15 673
2478984 49282 2075 1 0 0 821 16 186
2479014 8738 2075 2 0 0 145 15 945
2479043 57368 2075 3 0 0 956 16 97
2479073 22980 2075 4 0 0 383 15 578
2479102 77978 2075 5 0 0 1299 15 1007
2479132 47516 2075 6 0 0 791 14 1434
2479162 15082 2075 7 0 0 251 14 471
2479191 64977 2075 8 0 0 1082 14 1051
2479221 24220 2075 9 0 0 403 14 349
2479250 66957 2075 10 0 0 1115 14 1281
2479280 21849 2075 11 0 0 364 14 948
2479309 62117 2075 12 0 0 1035 15 700
2479339 14524 2076 1 0 0 242 15 409
2479368 51891 2076 2 0 0 864 15 1417
2479398 2870 2076 3 0 0 47 15 810
2479427 42742 2076 4 0 0 712 16 38
2479457 874 2076 5 0 0 14 15 578
2479486 50709 2076 6 0 0 845 15 1032
2479516 18365 2076 7 0 0 306 15 12
2479545 74653 2076 8 0 0 1244 15 458
2479575 44866 2076 9 0 0 747 14 998
2479605 13868 2076 10 0 0 231 14 248
2479634 66542 2076 11 0 0 1109 14 1115
2479664 28435 2076 12 0 0 473 14 698
2479693 71162 2077 1 0 0 1186 15 369
2479723 22051 2077 2 0 0 367 15 43
2479752 55508 2077 3 0 0 925 15 1086
2479782 1248 2077 4 0 0 20 15 563
2479811 34706 2077 4 1 0 578 15 1327
2479840 71733 2077 5 0 0 1195 16 502
2479870 27694 2077 6 0 0 461 15 1007
2479899 76691 2077 7 0 0 1278 16 23
2479929 46413 2077 8 0 0 773 15 501
2479959 22060 2077 9 0 0 367 14 1057
2479989 46 2077 10 0 0 0 14 283
2480018 61617 2077 11 0 0 1026 14 1066
2480048 29690 2077 12 0 0 494 14 514
2480077 75575 2078 1 0 0 1259 15 51
2480107 27499 2078 2 0 0 458 14 1085
2480136 60335 2078 3 0 0 1005 15 679
2480166 3429 2078 4 0 0 57 15 203
2480195 31796 2078 5 0 0 529 15 1042
2480224 61766 2078 6 0 0 1029 16 307
2480254 10371 2078 7 0 0 172 15 912
2480283 53974 2078 8 0 0 899 16 31
2480313 21990 2078 9 0 0 366 15 595
2480342 86211 2078 10 0 0 1436 15 1193
2480372 68937 2078 11 0 0 1148 15 394
2480402 49849 2078 12 0 0 830 14 1087
2480432 23777 2079 1 0 0 396 14 405
2480461 74971 2079 2 0 0 1249 14 1246
2480491 30644 2079 3 0 0 510 14 723
2480520 64661 2079 4 0 0 1077 15 239
2480550 6109 2079 5 0 0 101 14 1179
2480579 30717 2079 6 0 0 511 15 624
2480608 56047 2079 7 0 0 934 16 0
2480638 197 2079 8 0 0 3 15 756
2480667 39996 2079 9 0 0 666 16 24
2480697 4815 2079 10 0 0 80 15 694
2480726 66603 2079 11 0 0 1110 15 1336
2480756 48729 2079 12 0 0 812 15 525
2480786 32178 2080 1 0 0 536 14 1162
2480816 11524 2080 2 0 0 192 14 390
2480845 68807 2080 3 0 0 1146 14 1104
2480875 28835 2080 3 1 0 480 14 430
2480904 64636 2080 4 0 0 1077 14 1246
2480934 6074 2080 5 0 0 101 14 669
2480963 30103 2080 6 0 0 501 15 134
2480992 54852 2080 7 0 0 914 15 1061
2481021 84339 2080 8 0 0 1405 16 534
2481051 35080 2080 9 0 0 584 15 1393
2481080 81468 2080 10 0 0 1357 16 734
2481110 51023 2080 11 0 0 850 16 4
2481140 28968 2080 12 0 0 482 15 662
2481170 11869 2081 1 0 0 197 14 1288
2481199 80247 2081 2 0 0 1337 15 450
2481229 54934 2081 3 0 0 915 14 1040
2481259 18570 2081 4 0 0 309 14 206
2481288 57742 2081 5 0 0 962 14 873
2481318 2702 2081 6 0 0 45 14 203
2481347 30285 2081 7 0 0 504 14 1096
2481376 57743 2081 8 0 0 962 15 646
2481406 1443 2081 9 0 0 24 15 230
2481435 36290 2081 10 0 0 604 15 1220
2481464 77817 2081 11 0 0 1296 16 691
2481494 41346 2081 12 0 0 689 16 71
2481524 13641 2082 1 0 0 227 15 797
2481553 78558 2082 2 0 0 1309 15 1426
2481583 57939 2082 3 0 0 965 15 526
2481613 32573 2082 4 0 0 542 14 1010
2481642 85676 2082 5 0 0 1427 15 55
2481672 44204 2082 6 0 0 736 14 611
2481701 82507 2082 7 0 0 1375 14 1293
2481731 29927 2082 7 1 0 498 14 690
2481760 61479 2082 8 0 0 1024 15 228
2481790 6677 2082 9 0 0 111 14 1299
2481819 40819 2082 10 0 0 680 15 957
2481848 79893 2082 11 0 0 1331 16 573
2481878 39044 2082 12 0 0 650 16 81
2481908 4571 2083 1 0 0 76 15 875
2481937 61045 2083 2 0 0 1017 16 67
2481967 33018 2083 3 0 0 550 15 570
2481997 4473 2083 4 0 0 74 14 1002
2482026 59904 2083 5 0 0 998 14 1432
2482056 24919 2083 6 0 0 415 14 481
2482085 71158 2083 7 0 0 1185 14 1080
2482115 25686 2083 8 0 0 428 14 385
2482144 62647 2083 9 0 0 1044 14 1296
2482174 11742 2083 10 0 0 195 14 923
2482203 48333 2083 11 0 0 805 15 652
2482233 1074 2083 12 0 0 17 15 375
2482262 42816 2084 1 0 0 713 15 1417
2482292 274 2084 2 0 0 4 15 829
2482321 46382 2084 3 0 0 773 16 53
2482351 9201 2084 4 0 0 153 15 577
2482380 62049 2084 5 0 0 1034 15 1021
2482410 31137 2084 6 0 0 518 15 2
2482440 303 2084 7 0 0 5 14 450
2482469 53142 2084 8 0 0 885 14 976
2482499 15442 2084 9 0 0 257 14 193
2482528 60469 2084 10 0 0 1007 14 1030
2482558 16798 2084 11 0 0 279 14 619
2482587 58069 2084 12 0 0 967 15 343
2482617 11256 2085 1 0 0 187 15 85
2482646 48789 2085 2 0 0 813 15 1166
2482675 85081 2085 3 0 0 1418 16 641
2482705 35998 2085 4 0 0 599 15 1384
2482734 77042 2085 5 0 0 1284 16 542
2482764 37137 2085 5 1 0 618 15 1035
2482794 2611 2085 6 0 0 43 15 30
2482823 58283 2085 7 0 0 971 15 462
2482853 29257 2085 8 0 0 487 14 954
2482883 38 2085 9 0 0 0 14 129
2482912 55291 2085 10 0 0 921 14 910
2482942 20341 2085 11 0 0 339 14 419
2482971 66281 2085 12 0 0 1104 15 49
2483001 19670 2086 1 0 0 327 14 1161
2483030 54290 2086 2 0 0 904 15 798
2483059 86039 2086 3 0 0 1433 16 336
2483089 31329 2086 4 0 0 522 15 1175
2483118 65592 2086 5 0 0 1093 16 424
2483148 18171 2086 6 0 0 302 15 984
2483177 63522 2086 7 0 0 1058 16 26
2483207 29889 2086 8 0 0 498 15 495
2483237 3433 2086 9 0 0 57 14 1016
2483266 68058 2086 10 0 0 1134 15 192
2483296 46122 2086 11 0 0 768 14 919
2483326 18709 2086 12 0 0 311 14 311
2483355 69081 2087 1 0 0 1151 14 1234
2483385 24366 2087 2 0 0 406 14 789
2483414 59204 2087 3 0 0 986 15 377
2483444 3111 2087 4 0 0 51 14 1375
2483473 31168 2087 5 0 0 519 15 839
2483502 59501 2087 6 0 0 991 16 175
2483532 4870 2087 7 0 0 81 15 834
2483561 43739 2087 8 0 0 728 15 1423
2483591 6453 2087 9 0 0 107 15 554
2483620 66609 2087 10 0 0 1110 15 1145
2483650 48267 2087 11 0 0 804 15 332
2483680 31407 2087 12 0 0 523 14 998
2483710 9558 2088 1 0 0 159 14 273
2483739 65397 2088 2 0 0 1089 14 1057
2483769 25277 2088 3 0 0 421 14 480
2483798 62741 2088 4 0 0 1045 14 1405
2483828 6579 2088 4 1 0 109 14 909
2483857 32078 2088 5 0 0 534 15 383
2483886 56366 2088 6 0 0 939 15 1240
2483915 83777 2088 7 0 0 1396 16 598
2483945 32313 2088 8 0 0 538 15 1345
2483974 78014 2088 9 0 0 1300 16 611
2484004 48748 2088 10 0 0 812 15 1278
2484034 28356 2088 11 0 0 472 15 478
2484064 11909 2088 12 0 0 198 14 1105
2484093 80204 2089 1 0 0 1336 15 305
2484123 55492 2089 2 0 0 924 14 980
2484153 20789 2089 3 0 0 346 14 263
2484182 61470 2089 4 0 0 1024 14 1038
2484212 6319 2089 5 0 0 105 14 427
2484241 31713 2089 6 0 0 528 14 1310
2484270 55730 2089 7 0 0 928 15 796
2484299 82722 2089 8 0 0 1378 16 296
2484329 29748 2089 9 0 0 495 15 1204
2484358 71752 2089 10 0 0 1195 16 603
2484388 36744 2089 11 0 0 612 15 1358
2484418 10662 2089 12 0 0 177 15 603
2484447 77703 2090 1 0 0 1295 15 1240
2484477 60435 2090 2 0 0 1007 15 402
2484507 38939 2090 3 0 0 648 14 982
2484537 7975 2090 4 0 0 132 14 121
2484566 52224 2090 5 0 0 870 14 738
2484596 722 2090 6 0 0 12 14 3
2484625 29999 2090 7 0 0 499 14 832
2484654 57582 2090 8 0 0 959 15 345
2484684 233 2090 8 1 0 3 14 1374
2484713 18014 2090 9 0 0 550 15 965
2484742 71363 2090 10 0 0 1189 16 495
2484772 30606 2090 11 0 0 510 15 1371
2484801 84707 2090 12 0 0 1411 16 707
2484831 59955 2091 1 0 0 999 15 1379
2484861 38803 2091 2 0 0 646 15 512
2484891 15639 2091 3 0 0 260 14 1006
2484920 72461 2091 4 0 0 1207 15 32
2484950 34912 2091 5 0 0 581 14 534
2484979 76589 2091 6 0 0 1276 14 1142
2485009 26567 2091 7 0 0 442 14 460
2485038 59728 2091 8 0 0 995 14 1376
2485068 5381 2091 9 0 0 89 14 978
2485097 38584 2091 10 0 0 643 15 643
2485126 75295 2091 11 0 0 1254 16 300
2485156 31060 2091 12 0 0 517 15 1315
2485185 79420 2092 1 0 0 1323 16 750
2485215 46632 2092 2 0 0 777 16 16
2485245 16931 2092 3 0 0 282 15 570
2485274 74385 2092 4 0 0 1239 15 1020
2485304 44301 2092 5 0 0 738 14 1436
2485334 11491 2092 6 0 0 191 14 444
2485363 60916 2092 7 0 0 1015 14 983
2485393 18891 2092 8 0 0 314 14 214
2485422 58577 2092 9 0 0 976 14 1046
2485452 8979 2092 10 0 0 149 14 605
2485481 45418 2092 11 0 0 756 15 299
2485510 83478 2092 12 0 0 1391 16 44
2485540 37390 2093 1 0 0 623 15 1159
2485569 79594 2093 2 0 0 1326 16 667
2485599 37141 2093 3 0 0 619 15 1416
2485628 83606 2093 4 0 0 1393 16 557
2485658 47295 2093 5 0 0 788 15 1030
2485688 14725 2093 6 0 0 245 15 14
2485717 70613 2093 6 1 0 1176 15 444
2485747 39268 2093 7 0 0 654 14 928
2485777 4648 2093 8 0 0 77 14 79
2485806 52451 2093 9 0 0 874 14 826
2485836 10719 2093 10 0 0 178 14 324
2485865 53312 2093 11 0 0 888 14 1432
2485895 7588 2093 12 0 0 126 14 1177
2485924 45862 2094 1 0 0 764 15 875
2485953 81924 2094 2 0 0 1365 16 432
2485983 31108 2094 3 0 0 518 15 1255
2486012 69034 2094 4 0 0 1150 16 479
2486042 25462 2094 5 0 0 424 15 1019
2486071 74260 2094 6 0 0 1237 16 40
2486101 41863 2094 7 0 0 697 15 472
2486131 12735 2094 8 0 0 212 14 934
2486160 71116 2094 9 0 0 1185 15 48
2486190 42190 2094 10 0 0 703 14 748
2486220 10281 2094 11 0 0 171 14 176
2486249 59672 2094 12 0 0 994 14 1188
2486279 16176 2095 1 0 0 269 14 839
2486308 52801 2095 2 0 0 880 15 491
2486337 85007 2095 3 0 0 1416 16 75
2486367 29209 2095 4 0 0 486 15 982
2486396 61137 2095 5 0 0 1018 16 306
2486426 10524 2095 6 0 0 175 15 931
2486455 52180 2095 7 0 0 869 16 14
2486485 14788 2095 8 0 0 246 15 491
2486514 71705 2095 9 0 0 1195 15 991
2486544 48801 2095 10 0 0 813 15 125
2486574 28509 2095 11 0 0 475 14 802
2486604 5128 2095 12 0 0 85 14 140
2486633 60348 2096 1 0 0 1005 14 1010
2486663 19761 2096 2 0 0 329 14 517
2486692 57344 2096 3 0 0 955 15 79
2486722 2665 2096 4 0 0 44 14 1087
2486751 30985 2096 4 1 0 516 15 599
2486780 48706 2096 5 0 0 972 16 3
2486810 1298 2096 6 0 0 21 15 726
2486839 36067 2096 7 0 0 601 15 1357
2486868 79879 2096 8 0 0 1331 16 505
2486898 48562 2096 9 0 0 809 15 1097
2486928 27398 2096 10 0 0 456 15 274
2486958 11195 2096 11 0 0 186 14 924
2486987 79264 2096 12 0 0 1321 15 168
2487017 53403 2097 1 0 0 890 14 903
2487047 17861 2097 2 0 0 297 14 269
2487076 59235 2097 3 0 0 987 14 1149
2487106 6064 2097 4 0 0 101 14 636
2487135 33277 2097 5 0 0 554 15 124
2487164 57541 2097 6 0 0 959 15 1015
2487193 82855 2097 7 0 0 1380 16 413
2487223 27281 2097 8 0 0 454 15 1201
2487252 67571 2097 9 0 0 1126 16 503
2487282 32972 2097 10 0 0 549 15 1204
2487312 8850 2097 11 0 0 147 15 424
2487341 77593 2097 12 0 0 1293 15 1056
2487371 60902 2098 1 0 0 1015 15 241
2487401 39800 2098 2 0 0 663 14 883
2487431 10089 2098 3 0 0 168 14 125
2487460 55973 2098 4 0 0 932 14 857
2487490 5036 2098 5 0 0 83 14 205
2487519 32824 2098 6 0 0 547 14 1056
2487548 57116 2098 7 0 0 951 15 525
2487577 82424 2098 8 0 0 1373 16 34
2487607 26277 2098 9 0 0 437 15 981
2487636 64200 2098 10 0 0 1070 16 436
2487666 24721 2098 11 0 0 412 15 1246
2487695 80712 2098 12 0 0 1345 16 531
2487725 58110 2099 1 0 0 968 15 1189
2487755 40009 2099 2 0 0 666 15 360
2487785 2336 2099 2 1 0 347 14 938
2487814 2336 2099 3 0 0 1350 15 59
2487844 44255 2099 4 0 0 737 14 638
2487873 83476 2099 5 0 0 1391 14 1282
2487903 28914 2099 6 0 0 481 14 600
2487932 57338 2099 7 0 0 955 15 56
2487961 85906 2099 8 0 0 1431 15 1066
2487991 30800 2099 9 0 0 513 15 681
2488020 66633 2099 10 0 0 1110 16 263
2488050 22209 2099 11 0 0 370 15 1199
2488079 71808 2099 12 0 0 1196 16 590
2488109 42958 2100 1 0 0 715 15 1312
2488139 19783 2100 2 0 0 329 15 485
2488168 83854 2100 3 0 0 1397 15 1004
2488198 57281 2100 4 0 0 954 15 26
2488228 23557 2100 5 0 0 392 14 492
2488257 68847 2100 6 0 0 1147 14 1033
2488287 21766 2100 7 0 0 362 14 270
2488316 57044 2100 8 0 0 950 14 1113
2488346 3829 2100 9 0 0 63 14 666
2488375 36925 2100 10 0 0 615 15 320
2488404 72103 2100 11 0 0 1201 16 0
2488434 25056 2100 12 0 0 417 15 1072
2488463 69943 2101 1 0 0 1165 16 583
2488493 33918 2101 2 0 0 565 15 1371
2488523 1910 2101 3 0 0 31 15 549
2488552 58237 2101 4 0 0 970 15 1036
2488582 28233 2101 5 0 0 470 15 14
2488611 83166 2101 6 0 0 1386 15 434
2488641 48747 2101 7 0 0 812 14 920
2488671 10036 2101 7 1 0 167 14 82
2488700 38855 2101 8 0 0 881 14 836
2488730 5444 2101 9 0 0 90 14 318
2488759 42567 2101 10 0 0 709 14 1397
2488788 80091 2101 11 0 0 1335 15 1134
